0 0.5091575091575091 0.7918918918918919 0.1391941391941392 0.41621621621621624
0 0.3663003663003663 0.8081081081081081 0.16117216117216118 0.3837837837837838
0 0.184981684981685 0.7324324324324324 0.2673992673992674 0.5351351351351351
0 0.5293040293040293 0.6594594594594595 0.12087912087912088 0.5081081081081081
0 0.3901098901098901 0.5432432432432432 0.17216117216117216 0.2648648648648649
0 0.047619047619047616 0.5135135135135135 0.08791208791208792 0.1837837837837838
0 0.03296703296703297 0.7756756756756756 0.05860805860805861 0.42702702702702705
0 0.2673992673992674 0.4 0.17582417582417584 0.31351351351351353
0 0.10805860805860806 0.2810810810810811 0.2087912087912088 0.4
0 0.4340659340659341 0.34864864864864864 0.18681318681318682 0.2648648648648649
0 0.3076923076923077 0.14594594594594595 0.1684981684981685 0.24864864864864866
0 0.20146520146520147 0.0972972972972973 0.16117216117216118 0.1837837837837838
