0 0.23166666666666666 0.35714285714285715 0.19 0.32142857142857145
0 0.08166666666666667 0.5029761904761905 0.13666666666666666 0.18452380952380953
0 0.10833333333333334 0.5238095238095238 0.12333333333333334 0.19047619047619047
0 0.14 0.5863095238095238 0.07333333333333333 0.13690476190476192
0 0.20833333333333334 0.5714285714285714 0.11666666666666667 0.15476190476190477
0 0.18833333333333332 0.6904761904761905 0.09 0.15476190476190477
0 0.2816666666666667 0.5982142857142857 0.22333333333333333 0.19642857142857142
0 0.325 0.6964285714285714 0.19666666666666666 0.19047619047619047
0 0.365 0.75 0.24333333333333335 0.2857142857142857
0 0.36833333333333335 0.9255952380952381 0.14333333333333334 0.10119047619047619
0 0.46 0.7678571428571429 0.20666666666666667 0.2619047619047619
0 0.475 0.8690476190476191 0.07666666666666666 0.15476190476190477
0 0.5933333333333334 0.9583333333333334 0.11333333333333333 0.08333333333333333
0 0.595 0.6815476190476191 0.10333333333333333 0.43452380952380953
0 0.7166666666666667 0.8214285714285714 0.17333333333333334 0.20238095238095238
0 0.43333333333333335 0.5267857142857143 0.09333333333333334 0.17261904761904762
0 0.505 0.49107142857142855 0.07666666666666666 0.35119047619047616
0 0.315 0.4732142857142857 0.15666666666666668 0.17261904761904762
0 0.295 0.37202380952380953 0.09666666666666666 0.13690476190476192
0 0.4533333333333333 0.24702380952380953 0.25333333333333335 0.18452380952380953
0 0.43666666666666665 0.40476190476190477 0.22666666666666666 0.17857142857142858
0 0.7033333333333334 0.48214285714285715 0.23333333333333334 0.25
0 0.5583333333333333 0.48214285714285715 0.07 0.30952380952380953
0 0.63 0.33035714285714285 0.22666666666666666 0.31547619047619047
0 0.7783333333333333 0.6636904761904762 0.2833333333333333 0.35119047619047616
0 0.715 0.7232142857142857 0.16333333333333333 0.19642857142857142
0 0.8883333333333333 0.6815476190476191 0.17666666666666667 0.22023809523809523
0 0.8233333333333334 0.5059523809523809 0.2 0.14285714285714285
0 0.7033333333333334 0.4791666666666667 0.23333333333333334 0.24404761904761904
0 0.44166666666666665 0.10714285714285714 0.15666666666666668 0.20238095238095238
