0 0.2300380228136882 0.6848958333333334 0.155893536121673 0.296875
0 0.34220532319391633 0.6875 0.13688212927756654 0.3125
0 0.4524714828897338 0.671875 0.10646387832699619 0.3020833333333333
0 0.5456273764258555 0.6302083333333334 0.09505703422053231 0.23958333333333334
0 0.6596958174904943 0.5989583333333334 0.20152091254752852 0.3645833333333333
0 0.7870722433460076 0.6640625 0.1520912547528517 0.3072916666666667
0 0.876425855513308 0.6067708333333334 0.11026615969581749 0.2760416666666667
0 0.1482889733840304 0.5416666666666666 0.20532319391634982 0.375
0 0.13688212927756654 0.2890625 0.11406844106463879 0.19270833333333334
0 0.2224334600760456 0.3411458333333333 0.09505703422053231 0.11979166666666667
0 0.27756653992395436 0.4244791666666667 0.09125475285171103 0.109375
0 0.279467680608365 0.5338541666666666 0.09505703422053231 0.09895833333333333
0 0.3650190114068441 0.5130208333333334 0.08365019011406843 0.09895833333333333
0 0.3593155893536122 0.4114583333333333 0.08745247148288973 0.11458333333333333
0 0.23574144486692014 0.23958333333333334 0.08365019011406843 0.09375
0 0.32129277566539927 0.3046875 0.11026615969581749 0.18229166666666666
0 0.31368821292775667 0.19791666666666666 0.08745247148288973 0.09375
0 0.4068441064638783 0.19010416666666666 0.11406844106463879 0.15104166666666666
0 0.42775665399239543 0.3333333333333333 0.11787072243346007 0.17708333333333334
0 0.45627376425855515 0.4635416666666667 0.11406844106463879 0.13541666666666666
0 0.5494296577946768 0.4609375 0.08745247148288973 0.109375
0 0.5627376425855514 0.3203125 0.17490494296577946 0.2552083333333333
0 0.5057034220532319 0.1640625 0.10646387832699619 0.22395833333333334
0 0.6197718631178707 0.16927083333333334 0.11406844106463879 0.21354166666666666
0 0.7034220532319392 0.23697916666666666 0.12927756653992395 0.21354166666666666
0 0.6996197718631179 0.3723958333333333 0.12167300380228137 0.203125
0 0.7965779467680608 0.453125 0.12547528517110265 0.17708333333333334
0 0.8003802281368821 0.3229166666666667 0.13307984790874525 0.16666666666666666
0 0.8802281368821293 0.4140625 0.08745247148288973 0.11979166666666667
