0 0.4132231404958678 0.5889423076923077 0.2396694214876033 0.6586538461538461
0 0.12190082644628099 0.37259615384615385 0.13636363636363635 0.4567307692307692
0 0.19008264462809918 0.4206730769230769 0.1652892561983471 0.5048076923076923
0 0.2830578512396694 0.4951923076923077 0.17768595041322313 0.5769230769230769
0 0.4628099173553719 0.2668269230769231 0.1487603305785124 0.13942307692307693
0 0.5950413223140496 0.5360576923076923 0.2231404958677686 0.6009615384615384
0 0.7396694214876033 0.4879807692307692 0.18181818181818182 0.5625
0 0.8677685950413223 0.46153846153846156 0.19008264462809918 0.5192307692307693
0 0.7293388429752066 0.21394230769230768 0.15289256198347106 0.09134615384615384
0 0.2871900826446281 0.1875 0.128099173553719 0.08653846153846154
0 0.36363636363636365 0.22596153846153846 0.1487603305785124 0.10576923076923077
0 0.4772727272727273 0.20432692307692307 0.128099173553719 0.07211538461538461
0 0.6012396694214877 0.24278846153846154 0.15289256198347106 0.1201923076923077
0 0.45661157024793386 0.2980769230769231 0.13636363636363635 0.20192307692307693
0 0.609504132231405 0.18269230769230768 0.13636363636363635 0.07692307692307693
0 0.5144628099173554 0.16826923076923078 0.1115702479338843 0.09615384615384616
0 0.390495867768595 0.18028846153846154 0.11983471074380166 0.09134615384615384
