0 0.5044444444444445 0.07333333333333333 0.4311111111111111 0.1288888888888889
0 0.5044444444444445 0.16666666666666666 0.4311111111111111 0.1111111111111111
0 0.5044444444444445 0.26 0.4311111111111111 0.10222222222222223
0 0.5044444444444445 0.3622222222222222 0.4311111111111111 0.1111111111111111
0 0.5022222222222222 0.45555555555555555 0.4266666666666667 0.10222222222222223
0 0.5044444444444445 0.5533333333333333 0.4222222222222222 0.10222222222222223
0 0.5066666666666667 0.6511111111111111 0.4266666666666667 0.10222222222222223
0 0.5044444444444445 0.7422222222222222 0.4222222222222222 0.10666666666666667
0 0.5044444444444445 0.84 0.4222222222222222 0.09777777777777778
0 0.5066666666666667 0.9355555555555556 0.4177777777777778 0.10222222222222223
