0 0.1640926640926641 0.6211340206185567 0.14285714285714285 0.634020618556701
0 0.30115830115830117 0.5902061855670103 0.14671814671814673 0.634020618556701
0 0.4189189189189189 0.5567010309278351 0.13513513513513514 0.6288659793814433
0 0.5366795366795367 0.5180412371134021 0.138996138996139 0.6030927835051546
0 0.6621621621621622 0.5025773195876289 0.13513513513513514 0.634020618556701
0 0.7857142857142857 0.45103092783505155 0.13513513513513514 0.5721649484536082
0 0.9034749034749034 0.4381443298969072 0.138996138996139 0.6082474226804123
0 0.055984555984555984 0.5747422680412371 0.10424710424710425 0.6237113402061856
0 0.16216216216216217 0.2912371134020619 0.138996138996139 0.11855670103092783
0 0.2799227799227799 0.25257731958762886 0.14285714285714285 0.10309278350515463
0 0.3996138996138996 0.2268041237113402 0.14285714285714285 0.10309278350515463
0 0.5212355212355212 0.1958762886597938 0.14671814671814673 0.10309278350515463
0 0.6332046332046332 0.16494845360824742 0.138996138996139 0.10309278350515463
0 0.752895752895753 0.15979381443298968 0.138996138996139 0.13402061855670103
0 0.8648648648648649 0.12628865979381443 0.138996138996139 0.12886597938144329
0 0.9536679536679536 0.08762886597938144 0.09266409266409266 0.1134020618556701
0 0.971042471042471 0.4020618556701031 0.05791505791505792 0.6082474226804123
0 0.6795366795366795 0.8427835051546392 0.46332046332046334 0.29381443298969073
