0 0.3587360594795539 0.7925531914893617 0.36059479553903345 0.1595744680851064
0 0.5743494423791822 0.7526595744680851 0.35315985130111527 0.18617021276595744
0 0.6282527881040892 0.8617021276595744 0.35687732342007433 0.11702127659574468
0 0.4163568773234201 0.5425531914893617 0.31970260223048325 0.1702127659574468
0 0.26579925650557623 0.4867021276595745 0.1895910780669145 0.15425531914893617
0 0.3847583643122677 0.4122340425531915 0.3159851301115242 0.13297872340425532
0 0.6003717472118959 0.4521276595744681 0.17472118959107807 0.20212765957446807
0 0.6840148698884758 0.6196808510638298 0.275092936802974 0.17553191489361702
0 0.6431226765799256 0.7074468085106383 0.3420074349442379 0.18085106382978725
0 0.13197026022304834 0.23670212765957446 0.16728624535315986 0.11170212765957446
0 0.10408921933085502 0.17287234042553193 0.20074349442379183 0.18617021276595744
0 0.11895910780669144 0.35106382978723405 0.20817843866171004 0.1276595744680851
0 0.2527881040892193 0.29521276595744683 0.08921933085501858 0.11170212765957446
0 0.30297397769516726 0.2393617021276596 0.15985130111524162 0.18085106382978725
0 0.4795539033457249 0.3351063829787234 0.26765799256505574 0.14893617021276595
0 0.6970260223048327 0.4654255319148936 0.17472118959107807 0.22872340425531915
0 0.7304832713754646 0.3803191489361702 0.1821561338289963 0.26063829787234044
0 0.8903345724907064 0.449468085106383 0.21933085501858737 0.2925531914893617
0 0.9052044609665427 0.5877659574468085 0.07063197026022305 0.17553191489361702
0 0.79182156133829 0.2127659574468085 0.23048327137546468 0.1276595744680851
0 0.6765799256505576 0.24202127659574468 0.275092936802974 0.12234042553191489
0 0.4646840148698885 0.2473404255319149 0.19330855018587362 0.13297872340425532
0 0.3271375464684015 0.14095744680851063 0.3048327137546468 0.12234042553191489
0 0.5985130111524164 0.1675531914893617 0.23048327137546468 0.16489361702127658
0 0.8921933085501859 0.3324468085106383 0.21561338289962825 0.25
0 0.8308550185873605 0.5611702127659575 0.10780669144981413 0.22872340425531915
0 0.38104089219330856 0.6569148936170213 0.2936802973977695 0.15425531914893617
0 0.15985130111524162 0.648936170212766 0.15613382899628253 0.20212765957446807
0 0.07992565055762081 0.5877659574468085 0.1524163568773234 0.28191489361702127
0 0.22862453531598512 0.6196808510638298 0.1821561338289963 0.21808510638297873
