0 0.1858108108108108 0.5676470588235294 0.14189189189189189 0.6411764705882353
0 0.3158783783783784 0.5205882352941177 0.125 0.6411764705882353
0 0.4780405405405405 0.5411764705882353 0.11824324324324324 0.6352941176470588
0 0.5962837837837838 0.5411764705882353 0.11824324324324324 0.6352941176470588
0 0.7162162162162162 0.5058823529411764 0.11486486486486487 0.6352941176470588
0 0.8344594594594594 0.5529411764705883 0.13513513513513514 0.6352941176470588
0 0.22466216216216217 0.47058823529411764 0.11148648648648649 0.6235294117647059
0 0.32094594594594594 0.19411764705882353 0.11486486486486487 0.1411764705882353
0 0.4155405405405405 0.47058823529411764 0.10810810810810811 0.6235294117647059
0 0.4222972972972973 0.13823529411764707 0.10135135135135136 0.17058823529411765
0 0.527027027027027 0.4470588235294118 0.11486486486486487 0.6235294117647059
0 0.6283783783783784 0.45 0.11486486486486487 0.6176470588235294
0 0.6334459459459459 0.14411764705882352 0.11148648648648649 0.17058823529411765
0 0.7398648648648649 0.40588235294117647 0.10810810810810811 0.5882352941176471
0 0.8614864864864865 0.45588235294117646 0.10810810810810811 0.6529411764705882
