0 0.42363636363636364 0.6120218579234973 0.16363636363636364 0.36065573770491804
0 0.24181818181818182 0.7131147540983607 0.18545454545454546 0.2677595628415301
0 0.11090909090909092 0.5273224043715847 0.1781818181818182 0.2786885245901639
0 0.11272727272727273 0.6666666666666666 0.14545454545454545 0.32786885245901637
0 0.15818181818181817 0.7759562841530054 0.14909090909090908 0.34972677595628415
0 0.24 0.4726775956284153 0.10909090909090909 0.3005464480874317
0 0.2818181818181818 0.4890710382513661 0.12727272727272726 0.3114754098360656
0 0.5818181818181818 0.453551912568306 0.22545454545454546 0.20765027322404372
0 0.610909090909091 0.5956284153005464 0.22545454545454546 0.19672131147540983
0 0.5054545454545455 0.8005464480874317 0.10181818181818182 0.3005464480874317
0 0.5581818181818182 0.825136612021858 0.08363636363636363 0.30601092896174864
0 0.6763636363636364 0.76775956284153 0.1890909090909091 0.3114754098360656
0 0.4909090909090909 0.31693989071038253 0.18181818181818182 0.32786885245901637
0 0.1 0.12568306010928962 0.19272727272727272 0.2185792349726776
0 0.14545454545454545 0.30327868852459017 0.2109090909090909 0.21311475409836064
0 0.7672727272727272 0.7896174863387978 0.2109090909090909 0.2786885245901639
0 0.889090909090909 0.7896174863387978 0.12727272727272726 0.366120218579235
0 0.8927272727272727 0.4644808743169399 0.21454545454545454 0.14207650273224043
0 0.7363636363636363 0.19672131147540983 0.20727272727272728 0.19672131147540983
0 0.7545454545454545 0.2896174863387978 0.19272727272727272 0.16393442622950818
0 0.84 0.14207650273224043 0.10909090909090909 0.273224043715847
0 0.4109090909090909 0.10655737704918032 0.11636363636363636 0.20218579234972678
0 0.27090909090909093 0.2103825136612022 0.19272727272727272 0.15846994535519127
0 0.24727272727272728 0.11475409836065574 0.20363636363636364 0.16393442622950818
0 0.6309090909090909 0.10382513661202186 0.2 0.19672131147540983
0 0.86 0.5983606557377049 0.19272727272727272 0.20218579234972678
0 0.8945454545454545 0.14754098360655737 0.08727272727272728 0.25136612021857924
0 0.08181818181818182 0.48633879781420764 0.15636363636363637 0.273224043715847
0 0.06363636363636363 0.4371584699453552 0.12 0.22950819672131148
0 0.04909090909090909 0.3770491803278688 0.09090909090909091 0.17486338797814208
0 0.74 0.4016393442622951 0.12 0.20218579234972678
