0 0.152014652014652 0.7608695652173914 0.2967032967032967 0.4782608695652174
0 0.43223443223443225 0.7690217391304348 0.27106227106227104 0.46195652173913043
0 0.5989010989010989 0.7744565217391305 0.2087912087912088 0.45108695652173914
0 0.8717948717948718 0.779891304347826 0.2564102564102564 0.44021739130434784
0 0.7509157509157509 0.4592391304347826 0.24175824175824176 0.266304347826087
0 0.6282051282051282 0.38858695652173914 0.20146520146520147 0.3967391304347826
0 0.2216117216117216 0.532608695652174 0.15018315018315018 0.16304347826086957
0 0.336996336996337 0.5489130434782609 0.1684981684981685 0.18478260869565216
0 0.47802197802197804 0.5244565217391305 0.12087912087912088 0.15760869565217392
0 0.43040293040293043 0.4048913043478261 0.22344322344322345 0.19021739130434784
0 0.09706959706959707 0.45108695652173914 0.18681318681318682 0.20652173913043478
0 0.056776556776556776 0.532608695652174 0.10622710622710622 0.17391304347826086
0 0.8772893772893773 0.28804347826086957 0.2454212454212454 0.3804347826086957
0 0.9560439560439561 0.5896739130434783 0.08791208791208792 0.16847826086956522
0 0.18315018315018314 0.31521739130434784 0.358974358974359 0.33695652173913043
0 0.19413919413919414 0.20652173913043478 0.38095238095238093 0.32608695652173914
0 0.315018315018315 0.10597826086956522 0.1391941391941392 0.19021739130434784
0 0.2216117216117216 0.07880434782608696 0.20146520146520147 0.14673913043478262
0 0.5989010989010989 0.1331521739130435 0.34065934065934067 0.2554347826086957
0 0.9047619047619048 0.09782608695652174 0.1684981684981685 0.14130434782608695
