1 0.175 0.7896825396825397 0.25 0.21428571428571427
1 0.255 0.626984126984127 0.26 0.20634920634920634
1 0.27 0.46825396825396826 0.28 0.2222222222222222
1 0.2175 0.30753968253968256 0.265 0.20238095238095238
1 0.51 0.8174603174603174 0.29 0.23015873015873015
1 0.4475 0.25992063492063494 0.275 0.2261904761904762
1 0.5275 0.43253968253968256 0.275 0.2222222222222222
1 0.785 0.25595238095238093 0.29 0.24206349206349206
1 0.785 0.4305555555555556 0.28 0.21825396825396826
1 0.7125 0.6309523809523809 0.275 0.21428571428571427
1 0.7875 0.8095238095238095 0.285 0.2222222222222222
