1 0.2120689655172414 0.7040229885057471 0.29310344827586204 0.3850574712643678
1 0.27413793103448275 0.40229885057471265 0.23793103448275862 0.3218390804597701
1 0.503448275862069 0.8362068965517241 0.4 0.3275862068965517
1 0.5344827586206896 0.6264367816091954 0.35172413793103446 0.3218390804597701
1 0.5344827586206896 0.42528735632183906 0.3310344827586207 0.26436781609195403
1 0.5275862068965518 0.2442528735632184 0.2689655172413793 0.22413793103448276
1 0.11379310344827587 0.22126436781609196 0.2206896551724138 0.21264367816091953
1 0.7982758620689655 0.29310344827586204 0.25862068965517243 0.2413793103448276
1 0.8120689655172414 0.46551724137931033 0.27241379310344827 0.26436781609195403
1 0.8396551724137931 0.7011494252873564 0.3137931034482759 0.25287356321839083
1 0.85 0.882183908045977 0.29310344827586204 0.22413793103448276
