1 0.4673913043478261 0.29508196721311475 0.463768115942029 0.30601092896174864
1 0.5869565217391305 0.7786885245901639 0.13768115942028986 0.2677595628415301
1 0.1213768115942029 0.587431693989071 0.2210144927536232 0.3005464480874317
1 0.8568840579710145 0.5601092896174863 0.19927536231884058 0.3114754098360656
1 0.7409420289855072 0.5737704918032787 0.10507246376811594 0.24043715846994534
1 0.2463768115942029 0.30327868852459017 0.18840579710144928 0.2568306010928962
1 0.4746376811594203 0.17486338797814208 0.34782608695652173 0.22950819672131148
1 0.7065217391304348 0.1994535519125683 0.16666666666666666 0.3114754098360656
1 0.4692028985507246 0.4262295081967213 0.15579710144927536 0.17486338797814208
1 0.5797101449275363 0.592896174863388 0.2971014492753623 0.3114754098360656
