1 0.2581818181818182 0.5382513661202186 0.16727272727272727 0.22404371584699453
1 0.41818181818181815 0.3989071038251366 0.13090909090909092 0.19672131147540983
1 0.4763636363636364 0.5491803278688525 0.15272727272727274 0.20218579234972678
1 0.6709090909090909 0.7568306010928961 0.1709090909090909 0.2568306010928962
1 0.39454545454545453 0.8852459016393442 0.1781818181818182 0.22950819672131148
1 0.26181818181818184 0.7622950819672131 0.16727272727272727 0.21311475409836064
1 0.1 0.5327868852459017 0.15636363636363637 0.22404371584699453
1 0.6727272727272727 0.40437158469945356 0.13818181818181818 0.20765027322404372
1 0.2781818181818182 0.29508196721311475 0.12 0.22950819672131148
1 0.7872727272727272 0.9289617486338798 0.15636363636363637 0.14207650273224043
1 0.5018181818181818 0.3114754098360656 0.11636363636363636 0.17486338797814208
1 0.4072727272727273 0.7185792349726776 0.14545454545454545 0.20218579234972678
