1 0.5584415584415584 0.19938650306748465 0.21428571428571427 0.38650306748466257
1 0.09902597402597403 0.803680981595092 0.11363636363636363 0.24539877300613497
1 0.23376623376623376 0.8220858895705522 0.18181818181818182 0.3558282208588957
1 0.2857142857142857 0.36809815950920244 0.16883116883116883 0.24539877300613497
1 0.3977272727272727 0.294478527607362 0.10064935064935066 0.2085889570552147
1 0.48863636363636365 0.4386503067484663 0.11363636363636363 0.25153374233128833
1 0.1185064935064935 0.5950920245398773 0.17857142857142858 0.25766871165644173
1 0.3409090909090909 0.6687116564417178 0.2597402597402597 0.3558282208588957
1 0.37987012987012986 0.8895705521472392 0.13636363636363635 0.22085889570552147
1 0.8733766233766234 0.24233128834355827 0.15584415584415584 0.2883435582822086
1 0.6964285714285714 0.647239263803681 0.09415584415584416 0.1901840490797546
6 0.8652597402597403 0.6042944785276073 0.2694805194805195 0.5214723926380368
