1 0.5036363636363637 0.7814207650273224 0.10545454545454545 0.16393442622950818
1 0.37272727272727274 0.6502732240437158 0.10545454545454545 0.17486338797814208
1 0.6527272727272727 0.6229508196721312 0.12727272727272726 0.18579234972677597
1 0.43636363636363634 0.3989071038251366 0.11636363636363636 0.20765027322404372
1 0.13454545454545455 0.7240437158469946 0.11636363636363636 0.16939890710382513
1 0.7909090909090909 0.7622950819672131 0.12727272727272726 0.20218579234972678
1 0.48 0.12295081967213115 0.11636363636363636 0.15846994535519127
1 0.14727272727272728 0.3907103825136612 0.12 0.14754098360655737
1 0.25272727272727274 0.76775956284153 0.12 0.2459016393442623
1 0.7672727272727272 0.3770491803278688 0.13090909090909092 0.18579234972677597
1 0.6218181818181818 0.9180327868852459 0.10909090909090909 0.16393442622950818
1 0.5163636363636364 0.9180327868852459 0.12363636363636364 0.16393442622950818
1 0.49636363636363634 0.644808743169399 0.11272727272727273 0.17486338797814208
