1 0.5729166666666666 0.45897435897435895 0.3375 0.39487179487179486
1 0.8229166666666666 0.7025641025641025 0.3458333333333333 0.4512820512820513
1 0.8083333333333333 0.4256410256410256 0.2833333333333333 0.24615384615384617
1 0.8104166666666667 0.17692307692307693 0.3375 0.3333333333333333
1 0.5291666666666667 0.7666666666666667 0.3416666666666667 0.3128205128205128
1 0.28125 0.6025641025641025 0.2875 0.35384615384615387
1 0.1375 0.3923076923076923 0.23333333333333334 0.2923076923076923
1 0.08541666666666667 0.5897435897435898 0.1625 0.31794871794871793
1 0.24166666666666667 0.1794871794871795 0.4166666666666667 0.3487179487179487
1 0.5854166666666667 0.12307692307692308 0.45416666666666666 0.2358974358974359
