1 0.6684210526315789 0.8502824858757062 0.30526315789473685 0.2994350282485876
1 0.5614035087719298 0.5847457627118644 0.3017543859649123 0.5141242937853108
1 0.1649122807017544 0.2994350282485876 0.32280701754385965 0.5875706214689266
1 0.16842105263157894 0.7570621468926554 0.2736842105263158 0.4067796610169492
1 0.34912280701754383 0.7175141242937854 0.15789473684210525 0.2711864406779661
1 0.3719298245614035 0.3672316384180791 0.16140350877192983 0.2598870056497175
1 0.6701754385964912 0.1384180790960452 0.1824561403508772 0.2655367231638418
1 0.356140350877193 0.11016949152542373 0.19298245614035087 0.20903954802259886
1 0.5210526315789473 0.11864406779661017 0.15789473684210525 0.22598870056497175
1 0.9421052631578948 0.5112994350282486 0.11578947368421053 0.2542372881355932
1 0.9491228070175438 0.8220338983050848 0.10175438596491228 0.2655367231638418
1 0.8631578947368421 0.1553672316384181 0.2736842105263158 0.2994350282485876
1 0.8017543859649123 0.4463276836158192 0.15789473684210525 0.2711864406779661
1 0.6754385964912281 0.4943502824858757 0.15087719298245614 0.2994350282485876
