1 0.3170289855072464 0.7185792349726776 0.213768115942029 0.3224043715846995
1 0.463768115942029 0.8306010928961749 0.2246376811594203 0.33879781420765026
1 0.33152173913043476 0.23770491803278687 0.29347826086956524 0.4644808743169399
1 0.5905797101449275 0.2814207650273224 0.2536231884057971 0.3879781420765027
1 0.875 0.366120218579235 0.25 0.4262295081967213
1 0.6594202898550725 0.7868852459016393 0.17391304347826086 0.24043715846994534
1 0.7989130434782609 0.7213114754098361 0.16304347826086957 0.19672131147540983
1 0.21195652173913043 0.5737704918032787 0.14130434782608695 0.17486338797814208
1 0.15579710144927536 0.76775956284153 0.18840579710144928 0.23497267759562843
1 0.08333333333333333 0.4808743169398907 0.15942028985507245 0.33879781420765026
1 0.1286231884057971 0.22131147540983606 0.25 0.43169398907103823
