1 0.23938223938223938 0.7448453608247423 0.47104247104247104 0.33505154639175255
1 0.4092664092664093 0.422680412371134 0.10038610038610038 0.17525773195876287
1 0.5173745173745173 0.41237113402061853 0.15444015444015444 0.32989690721649484
1 0.4555984555984556 0.6185567010309279 0.08494208494208494 0.13402061855670103
1 0.40540540540540543 0.25257731958762886 0.2548262548262548 0.21649484536082475
1 0.5926640926640927 0.18814432989690721 0.305019305019305 0.28350515463917525
1 0.6216216216216216 0.45618556701030927 0.15444015444015444 0.2422680412371134
1 0.5424710424710425 0.8015463917525774 0.11969111969111969 0.14948453608247422
1 0.6737451737451737 0.7061855670103093 0.1274131274131274 0.3402061855670103
1 0.752895752895753 0.4072164948453608 0.12355212355212356 0.2268041237113402
