1 0.17374517374517376 0.6365979381443299 0.23938223938223938 0.34536082474226804
1 0.3996138996138996 0.5979381443298969 0.22007722007722008 0.30927835051546393
1 0.5984555984555985 0.6494845360824743 0.23166023166023167 0.31958762886597936
1 0.7992277992277992 0.7628865979381443 0.2857142857142857 0.3711340206185567
1 0.10231660231660232 0.4742268041237113 0.18146718146718147 0.24742268041237114
1 0.16602316602316602 0.27835051546391754 0.15444015444015444 0.20618556701030927
1 0.26833976833976836 0.34536082474226804 0.1891891891891892 0.16494845360824742
1 0.27413127413127414 0.46649484536082475 0.1776061776061776 0.17010309278350516
1 0.4266409266409266 0.3788659793814433 0.15057915057915058 0.17010309278350516
1 0.8861003861003861 0.38402061855670105 0.18146718146718147 0.2422680412371134
1 0.7702702702702703 0.5283505154639175 0.20463320463320464 0.23195876288659795
1 0.722007722007722 0.38917525773195877 0.18532818532818532 0.20103092783505155
1 0.5752895752895753 0.32989690721649484 0.15444015444015444 0.18556701030927836
