1 0.8067010309278351 0.8185328185328186 0.29381443298969073 0.2471042471042471
1 0.5850515463917526 0.8764478764478765 0.2422680412371134 0.14671814671814673
1 0.19072164948453607 0.7586872586872587 0.27835051546391754 0.22007722007722008
1 0.5824742268041238 0.6911196911196911 0.30927835051546393 0.23166023166023167
1 0.8298969072164949 0.638996138996139 0.24742268041237114 0.1891891891891892
1 0.7216494845360825 0.4575289575289575 0.44329896907216493 0.28185328185328185
1 0.27835051546391754 0.5212355212355212 0.41237113402061853 0.277992277992278
1 0.4948453608247423 0.3359073359073359 0.7628865979381443 0.2857142857142857
1 0.3943298969072165 0.13706563706563707 0.23195876288659795 0.21235521235521235
1 0.7190721649484536 0.16795366795366795 0.5 0.3127413127413127
