1 0.3160377358490566 0.7389937106918238 0.3238993710691824 0.4968553459119497
1 0.49056603773584906 0.4748427672955975 0.25157232704402516 0.4591194968553459
1 0.15880503144654087 0.44025157232704404 0.3113207547169811 0.44025157232704404
1 0.2562893081761006 0.2578616352201258 0.3050314465408805 0.37735849056603776
1 0.2940251572327044 0.13522012578616352 0.24842767295597484 0.2578616352201258
1 0.5424528301886793 0.22955974842767296 0.2861635220125786 0.29559748427672955
1 0.7122641509433962 0.8616352201257862 0.3805031446540881 0.27672955974842767
1 0.7657232704402516 0.7484276729559748 0.330188679245283 0.4276729559748428
1 0.7562893081761006 0.5031446540880503 0.29245283018867924 0.3522012578616352
1 0.8349056603773585 0.3522012578616352 0.2861635220125786 0.31446540880503143
1 0.05660377358490566 0.6509433962264151 0.1069182389937107 0.48427672955974843
1 0.7971698113207547 0.1949685534591195 0.2358490566037736 0.2138364779874214
