1 0.1138996138996139 0.18298969072164947 0.1891891891891892 0.25257731958762886
1 0.3918918918918919 0.2860824742268041 0.18146718146718147 0.2422680412371134
1 0.5444015444015444 0.4896907216494845 0.16988416988416988 0.2268041237113402
1 0.1583011583011583 0.7319587628865979 0.20077220077220076 0.26804123711340205
1 0.26833976833976836 0.8865979381443299 0.16602316602316602 0.2268041237113402
1 0.5193050193050193 0.7809278350515464 0.1891891891891892 0.25257731958762886
1 0.6988416988416989 0.1958762886597938 0.1776061776061776 0.23711340206185566
1 0.833976833976834 0.6804123711340206 0.18532818532818532 0.24742268041237114
1 0.6467181467181468 0.6108247422680413 0.1969111969111969 0.26288659793814434
1 0.9015444015444015 0.8969072164948454 0.15057915057915058 0.20618556701030927
1 0.4942084942084942 0.18556701030927836 0.1776061776061776 0.23711340206185566
1 0.8436293436293436 0.2551546391752577 0.17374517374517376 0.23195876288659795
1 0.8783783783783784 0.43041237113402064 0.17374517374517376 0.23195876288659795
1 0.13320463320463322 0.3788659793814433 0.1891891891891892 0.25257731958762886
1 0.28185328185328185 0.5 0.18532818532818532 0.24742268041237114
