3 0.14909090909090908 0.2978142076502732 0.12363636363636364 0.2459016393442623
3 0.2381818181818182 0.39617486338797814 0.23636363636363636 0.4098360655737705
3 0.6981818181818182 0.546448087431694 0.22545454545454546 0.32786885245901637
3 0.49818181818181817 0.273224043715847 0.22545454545454546 0.28415300546448086
3 0.10545454545454545 0.5737704918032787 0.10181818181818182 0.18579234972677597
3 0.18 0.7486338797814208 0.10545454545454545 0.20765027322404372
3 0.8127272727272727 0.20218579234972678 0.1781818181818182 0.2185792349726776
3 0.9054545454545454 0.639344262295082 0.15272727272727274 0.24043715846994534
3 0.5963636363636363 0.8005464480874317 0.13090909090909092 0.1912568306010929
3 0.48 0.6010928961748634 0.10181818181818182 0.273224043715847
3 0.35454545454545455 0.7978142076502732 0.14181818181818182 0.19672131147540983
