3 0.39111111111111113 0.14222222222222222 0.29333333333333333 0.17777777777777778
3 0.14888888888888888 0.4111111111111111 0.22666666666666666 0.18222222222222223
3 0.12222222222222222 0.07555555555555556 0.19111111111111112 0.11555555555555555
3 0.15777777777777777 0.2577777777777778 0.22666666666666666 0.11555555555555555
3 0.1511111111111111 0.6133333333333333 0.18666666666666668 0.19555555555555557
3 0.12444444444444444 0.7822222222222223 0.19555555555555557 0.17777777777777778
3 0.21333333333333335 0.9266666666666666 0.17777777777777778 0.14666666666666667
3 0.3111111111111111 0.8155555555555556 0.14222222222222222 0.14666666666666667
3 0.4111111111111111 0.4955555555555556 0.2 0.17333333333333334
3 0.4288888888888889 0.33111111111111113 0.24444444444444444 0.17333333333333334
3 0.6266666666666667 0.1111111111111111 0.13333333333333333 0.11555555555555555
3 0.8244444444444444 0.10666666666666667 0.22666666666666666 0.18666666666666668
3 0.6866666666666666 0.29333333333333333 0.15555555555555556 0.1688888888888889
3 0.8866666666666667 0.2777777777777778 0.19111111111111112 0.16444444444444445
3 0.6688888888888889 0.43777777777777777 0.24444444444444444 0.10222222222222223
3 0.8844444444444445 0.44222222222222224 0.16 0.1111111111111111
3 0.9088888888888889 0.6088888888888889 0.09333333333333334 0.12444444444444444
3 0.39555555555555555 0.6933333333333334 0.20444444444444446 0.13333333333333333
3 0.6444444444444445 0.8244444444444444 0.1688888888888889 0.1111111111111111
3 0.8066666666666666 0.8022222222222222 0.12 0.13777777777777778
3 0.9377777777777778 0.7977777777777778 0.08888888888888889 0.18222222222222223
3 0.5888888888888889 0.9377777777777778 0.13777777777777778 0.07111111111111111
