3 0.1782608695652174 0.1552511415525114 0.16521739130434782 0.2100456621004566
3 0.6108695652173913 0.2328767123287671 0.21304347826086956 0.2191780821917808
3 0.6108695652173913 0.4977168949771689 0.1956521739130435 0.2191780821917808
3 0.43478260869565216 0.5502283105022832 0.24347826086956523 0.2968036529680365
3 0.5565217391304348 0.7671232876712328 0.1826086956521739 0.2191780821917808
3 0.8521739130434782 0.5091324200913242 0.25217391304347825 0.2511415525114155
3 0.1956521739130435 0.5958904109589042 0.23478260869565218 0.2694063926940639
3 0.4043478260869565 0.1872146118721461 0.1565217391304348 0.1187214611872146
3 0.10869565217391304 0.8561643835616438 0.19130434782608696 0.1872146118721461
3 0.8586956521739131 0.1050228310502283 0.2217391304347826 0.1552511415525114
