4 0.4622222222222222 0.2 0.21333333333333335 0.28444444444444444
4 0.6644444444444444 0.21555555555555556 0.21777777777777776 0.3688888888888889
4 0.39555555555555555 0.4 0.20444444444444446 0.1688888888888889
4 0.5444444444444444 0.39111111111111113 0.16444444444444445 0.14222222222222222
4 0.2088888888888889 0.6644444444444444 0.21333333333333335 0.28
4 0.4111111111111111 0.6777777777777778 0.2088888888888889 0.3688888888888889
4 0.6533333333333333 0.6533333333333333 0.2311111111111111 0.26666666666666666
4 0.8533333333333334 0.6822222222222222 0.20444444444444446 0.38666666666666666
4 0.14444444444444443 0.8466666666666667 0.2 0.17333333333333334
4 0.29333333333333333 0.8444444444444444 0.16 0.1511111111111111
4 0.5822222222222222 0.8577777777777778 0.21333333333333335 0.1688888888888889
4 0.7333333333333333 0.8511111111111112 0.1511111111111111 0.13777777777777778
