4 0.20833333333333334 0.3869047619047619 0.15 0.36904761904761907
4 0.20833333333333334 0.7440476190476191 0.16333333333333333 0.4523809523809524
4 0.335 0.75 0.16333333333333333 0.4523809523809524
4 0.33166666666666667 0.43154761904761907 0.14333333333333334 0.3392857142857143
4 0.455 0.7886904761904762 0.14333333333333334 0.3392857142857143
4 0.575 0.7767857142857143 0.14333333333333334 0.3392857142857143
4 0.6966666666666667 0.7470238095238095 0.15333333333333332 0.4226190476190476
4 0.815 0.7827380952380952 0.14333333333333334 0.3392857142857143
4 0.825 0.49702380952380953 0.14333333333333334 0.3392857142857143
4 0.7016666666666667 0.4375 0.14333333333333334 0.3392857142857143
4 0.5816666666666667 0.4851190476190476 0.14333333333333334 0.3392857142857143
4 0.4483333333333333 0.46726190476190477 0.14333333333333334 0.3392857142857143
4 0.2816666666666667 0.15476190476190477 0.11666666666666667 0.2976190476190476
4 0.525 0.17559523809523808 0.11666666666666667 0.30357142857142855
4 0.7666666666666667 0.2261904761904762 0.13333333333333333 0.17857142857142858
4 0.41333333333333333 0.19047619047619047 0.13333333333333333 0.17857142857142858
4 0.64 0.23809523809523808 0.13333333333333333 0.15476190476190477
