5 0.11163522012578617 0.2974683544303797 0.2169811320754717 0.5822784810126582
5 0.1289308176100629 0.7025316455696202 0.25157232704402516 0.5949367088607594
5 0.3191823899371069 0.7056962025316456 0.2358490566037736 0.5759493670886076
5 0.5345911949685535 0.7120253164556962 0.27672955974842767 0.5759493670886076
5 0.7075471698113207 0.6550632911392406 0.2641509433962264 0.6265822784810127
5 0.5078616352201258 0.28164556962025317 0.22955974842767296 0.5506329113924051
5 0.89937106918239 0.29430379746835444 0.20125786163522014 0.5759493670886076
5 0.31761006289308175 0.24367088607594936 0.22641509433962265 0.47468354430379744
5 0.7169811320754716 0.2120253164556962 0.2578616352201258 0.41139240506329117
5 0.9056603773584906 0.759493670886076 0.18867924528301888 0.4810126582278481
