5 0.7265917602996255 0.8571428571428571 0.4344569288389513 0.2857142857142857
5 0.4344569288389513 0.8068783068783069 0.36704119850187267 0.36507936507936506
5 0.13295880149812733 0.6851851851851852 0.23595505617977527 0.23809523809523808
5 0.8089887640449438 0.6534391534391535 0.38202247191011235 0.3862433862433862
5 0.4700374531835206 0.5582010582010583 0.35580524344569286 0.30158730158730157
5 0.15917602996254682 0.4947089947089947 0.31086142322097376 0.25925925925925924
5 0.4887640449438202 0.3783068783068783 0.3782771535580524 0.25925925925925924
5 0.8314606741573034 0.3994708994708995 0.33707865168539325 0.25925925925925924
5 0.846441947565543 0.1984126984126984 0.30711610486891383 0.25925925925925924
5 0.5430711610486891 0.18518518518518517 0.32209737827715357 0.2222222222222222
5 0.25280898876404495 0.21428571428571427 0.2883895131086142 0.2275132275132275
