6 0.15763546798029557 0.7188755020080321 0.21674876847290642 0.5220883534136547
6 0.3497536945812808 0.714859437751004 0.18719211822660098 0.5220883534136547
6 0.5270935960591133 0.7269076305220884 0.20689655172413793 0.5140562248995983
6 0.7019704433497537 0.7228915662650602 0.1921182266009852 0.4899598393574297
6 0.8817733990147784 0.7389558232931727 0.19704433497536947 0.4819277108433735
6 0.1354679802955665 0.3714859437751004 0.12315270935960591 0.14859437751004015
6 0.229064039408867 0.357429718875502 0.11330049261083744 0.17670682730923695
6 0.31527093596059114 0.3373493975903614 0.12807881773399016 0.20080321285140562
6 0.4236453201970443 0.26907630522088355 0.15763546798029557 0.3373493975903614
6 0.5714285714285714 0.2751004016064257 0.1477832512315271 0.3333333333333333
6 0.7068965517241379 0.28112449799196787 0.1330049261083744 0.321285140562249
6 0.8522167487684729 0.2751004016064257 0.16748768472906403 0.3172690763052209
