0 0.051839464882943144 0.5325443786982249 0.09698996655518395 0.6272189349112426
0 0.11204013377926421 0.5769230769230769 0.09698996655518395 0.6449704142011834
0 0.16722408026755853 0.6301775147928994 0.10033444816053512 0.6449704142011834
0 0.2525083612040134 0.6715976331360947 0.10367892976588629 0.6568047337278107
0 0.33444816053511706 0.6390532544378699 0.09364548494983277 0.650887573964497
0 0.4197324414715719 0.6035502958579881 0.09698996655518395 0.6390532544378699
0 0.5033444816053512 0.5680473372781065 0.0903010033444816 0.6272189349112426
0 0.580267558528428 0.5059171597633136 0.09698996655518395 0.5621301775147929
0 0.6622073578595318 0.47337278106508873 0.09364548494983277 0.5562130177514792
0 0.7391304347826086 0.4349112426035503 0.09364548494983277 0.5384615384615384
0 0.8193979933110368 0.4467455621301775 0.10033444816053512 0.6094674556213018
0 0.8846153846153846 0.41124260355029585 0.09698996655518395 0.6094674556213018
0 0.9515050167224081 0.3727810650887574 0.0903010033444816 0.6035502958579881
0 0.13043478260869565 0.22485207100591717 0.09364548494983277 0.09467455621301775
0 0.1939799331103679 0.26627218934911245 0.09364548494983277 0.09467455621301775
0 0.25418060200668896 0.3343195266272189 0.10033444816053512 0.1242603550295858
0 0.2157190635451505 0.20414201183431951 0.09698996655518395 0.08875739644970414
0 0.2809364548494983 0.2485207100591716 0.09364548494983277 0.09467455621301775
0 0.3394648829431438 0.2988165680473373 0.09698996655518395 0.10059171597633136
0 0.2909698996655518 0.17455621301775148 0.10033444816053512 0.10059171597633136
0 0.3595317725752508 0.21893491124260356 0.09698996655518395 0.09467455621301775
0 0.4214046822742475 0.2692307692307692 0.09364548494983277 0.10059171597633136
0 0.3745819397993311 0.1390532544378698 0.10033444816053512 0.08875739644970414
0 0.4397993311036789 0.19230769230769232 0.10367892976588629 0.08875739644970414
0 0.5033444816053512 0.23076923076923078 0.09698996655518395 0.09467455621301775
0 0.451505016722408 0.11834319526627218 0.10033444816053512 0.09467455621301775
0 0.5167224080267558 0.16272189349112426 0.09698996655518395 0.10059171597633136
0 0.580267558528428 0.20118343195266272 0.09698996655518395 0.08284023668639054
0 0.5284280936454849 0.09171597633136094 0.09364548494983277 0.08875739644970414
0 0.596989966555184 0.1301775147928994 0.09698996655518395 0.08284023668639054
0 0.6605351170568562 0.1804733727810651 0.09698996655518395 0.08875739644970414
0 0.6053511705685619 0.06804733727810651 0.09364548494983277 0.10059171597633136
0 0.6688963210702341 0.10650887573964497 0.09364548494983277 0.09467455621301775
0 0.7357859531772575 0.14497041420118342 0.10033444816053512 0.07692307692307693
0 0.6789297658862876 0.04142011834319527 0.09364548494983277 0.07100591715976332
0 0.745819397993311 0.07692307692307693 0.09364548494983277 0.08284023668639054
0 0.8093645484949833 0.11242603550295859 0.09364548494983277 0.07100591715976332
0 0.81438127090301 0.04437869822485207 0.09698996655518395 0.07692307692307693
0 0.8812709030100334 0.08579881656804733 0.0903010033444816 0.08875739644970414
0 0.6822742474916388 0.7899408284023669 0.3010033444816054 0.3136094674556213
