0 0.09454545454545454 0.6092896174863388 0.10909090909090909 0.2677595628415301
0 0.0890909090909091 0.3333333333333333 0.06909090909090909 0.28415300546448086
0 0.13818181818181818 0.3524590163934426 0.05818181818181818 0.2568306010928962
0 0.2309090909090909 0.5710382513661202 0.1781818181818182 0.23497267759562843
0 0.2381818181818182 0.7377049180327869 0.2290909090909091 0.28415300546448086
0 0.34 0.4781420765027322 0.07636363636363637 0.3114754098360656
0 0.19636363636363635 0.25956284153005466 0.10909090909090909 0.20218579234972678
0 0.23454545454545456 0.20218579234972678 0.16363636363636364 0.273224043715847
0 0.3509090909090909 0.19672131147540983 0.20727272727272728 0.33879781420765026
0 0.40545454545454546 0.5136612021857924 0.07636363636363637 0.28415300546448086
0 0.5018181818181818 0.35792349726775957 0.10909090909090909 0.2677595628415301
0 0.5181818181818182 0.6584699453551912 0.10545454545454545 0.2786885245901639
0 0.43272727272727274 0.860655737704918 0.13090909090909092 0.2677595628415301
0 0.6527272727272727 0.2923497267759563 0.15636363636363637 0.2786885245901639
0 0.5818181818181818 0.5409836065573771 0.06545454545454546 0.26229508196721313
0 0.6 0.8633879781420765 0.13090909090909092 0.26229508196721313
0 0.6981818181818182 0.860655737704918 0.06545454545454546 0.2786885245901639
0 0.5545454545454546 0.13387978142076504 0.15636363636363637 0.14754098360655737
0 0.6872727272727273 0.22404371584699453 0.10181818181818182 0.22950819672131148
0 0.7836363636363637 0.07923497267759563 0.18545454545454546 0.14754098360655737
0 0.7963636363636364 0.15027322404371585 0.16 0.12568306010928962
0 0.8018181818181818 0.2459016393442623 0.2 0.20765027322404372
0 0.7672727272727272 0.43169398907103823 0.15272727272727274 0.29508196721311475
0 0.6927272727272727 0.5628415300546448 0.12727272727272726 0.25136612021857924
0 0.6581818181818182 0.6038251366120219 0.11636363636363636 0.22404371584699453
0 0.7745454545454545 0.6912568306010929 0.08 0.2786885245901639
0 0.8363636363636363 0.7759562841530054 0.13090909090909092 0.29508196721311475
0 0.8763636363636363 0.4781420765027322 0.10909090909090909 0.2677595628415301
0 0.9254545454545454 0.73224043715847 0.06181818181818182 0.28415300546448086
