0 0.11090909090909092 0.4562841530054645 0.21454545454545454 0.639344262295082
0 0.29454545454545455 0.5163934426229508 0.22545454545454546 0.6612021857923497
0 0.49272727272727274 0.5819672131147541 0.23636363636363636 0.6721311475409836
0 0.6745454545454546 0.4453551912568306 0.22181818181818183 0.5081967213114754
0 0.8527272727272728 0.3825136612021858 0.22181818181818183 0.46994535519125685
0 0.30363636363636365 0.15027322404371585 0.21454545454545454 0.12568306010928962
0 0.48545454545454547 0.20491803278688525 0.22181818181818183 0.12568306010928962
0 0.6636363636363637 0.1557377049180328 0.21454545454545454 0.12568306010928962
0 0.48 0.11202185792349727 0.21818181818181817 0.1366120218579235
0 0.64 0.06557377049180328 0.20363636363636364 0.12021857923497267
0 0.8309090909090909 0.14207650273224043 0.20727272727272728 0.18579234972677597
0 0.7763636363636364 0.7759562841530054 0.44727272727272727 0.44808743169398907
