0 0.258 0.556930693069307 0.132 0.4603960396039604
0 0.312 0.26732673267326734 0.12 0.13861386138613863
0 0.372 0.6584158415841584 0.104 0.39603960396039606
0 0.352 0.5866336633663366 0.096 0.400990099009901
0 0.448 0.6311881188118812 0.088 0.3910891089108911
0 0.52 0.6757425742574258 0.096 0.3910891089108911
0 0.606 0.5841584158415841 0.084 0.39603960396039606
0 0.53 0.6064356435643564 0.092 0.3811881188118812
0 0.692 0.594059405940594 0.088 0.39603960396039606
0 0.754 0.5272277227722773 0.108 0.4603960396039604
0 0.548 0.3886138613861386 0.08 0.07425742574257425
0 0.45 0.38366336633663367 0.132 0.15346534653465346
0 0.344 0.3415841584158416 0.112 0.12871287128712872
0 0.492 0.21287128712871287 0.264 0.3069306930693069
0 0.646 0.35148514851485146 0.108 0.16831683168316833
0 0.68 0.2623762376237624 0.112 0.16831683168316833
