0 0.13619402985074627 0.6196808510638298 0.19776119402985073 0.22872340425531915
0 0.10820895522388059 0.7632978723404256 0.19402985074626866 0.19680851063829788
0 0.4552238805970149 0.8058510638297872 0.19402985074626866 0.18617021276595744
0 0.5055970149253731 0.6409574468085106 0.1828358208955224 0.21808510638297873
0 0.40298507462686567 0.3882978723404255 0.08955223880597014 0.19148936170212766
0 0.12313432835820895 0.39361702127659576 0.14925373134328357 0.07446808510638298
0 0.23507462686567165 0.5186170212765957 0.19402985074626866 0.16489361702127658
0 0.35074626865671643 0.8909574468085106 0.05970149253731343 0.21808510638297873
0 0.2574626865671642 0.6781914893617021 0.11940298507462686 0.16489361702127658
0 0.28171641791044777 0.2393617021276596 0.10820895522388059 0.19148936170212766
0 0.06529850746268656 0.300531914893617 0.10074626865671642 0.18617021276595744
0 0.17537313432835822 0.2632978723404255 0.13432835820895522 0.09042553191489362
0 0.27052238805970147 0.06648936170212766 0.17537313432835822 0.12234042553191489
0 0.09328358208955224 0.07180851063829788 0.11940298507462686 0.05851063829787234
0 0.5279850746268657 0.44680851063829785 0.11567164179104478 0.1702127659574468
0 0.5914179104477612 0.28191489361702127 0.12313432835820895 0.1276595744680851
0 0.5055970149253731 0.27925531914893614 0.1455223880597015 0.12234042553191489
0 0.5074626865671642 0.19946808510638298 0.12686567164179105 0.14361702127659576
0 0.44216417910447764 0.10638297872340426 0.10820895522388059 0.1702127659574468
0 0.38619402985074625 0.29521276595744683 0.13059701492537312 0.15425531914893617
0 0.8507462686567164 0.4946808510638298 0.13432835820895522 0.09574468085106383
0 0.6921641791044776 0.5212765957446809 0.19029850746268656 0.24468085106382978
0 0.7201492537313433 0.7659574468085106 0.1417910447761194 0.1702127659574468
0 0.710820895522388 0.8909574468085106 0.12313432835820895 0.16489361702127658
0 0.9365671641791045 0.723404255319149 0.12686567164179105 0.07446808510638298
0 0.6119402985074627 0.13297872340425532 0.08955223880597014 0.18085106382978725
0 0.6884328358208955 0.2047872340425532 0.13059701492537312 0.14361702127659576
0 0.7985074626865671 0.1702127659574468 0.11940298507462686 0.13829787234042554
0 0.7294776119402985 0.2712765957446808 0.13059701492537312 0.11702127659574468
0 0.7406716417910447 0.31648936170212766 0.12313432835820895 0.11170212765957446
0 0.9085820895522388 0.18882978723404256 0.13059701492537312 0.17553191489361702
0 0.871268656716418 0.38563829787234044 0.13805970149253732 0.13297872340425532
0 0.9384328358208955 0.6170212765957447 0.12313432835820895 0.1276595744680851
0 0.8414179104477612 0.8936170212765957 0.06343283582089553 0.20212765957446807
0 0.8694029850746269 0.773936170212766 0.04477611940298507 0.17553191489361702
0 0.7350746268656716 0.0797872340425532 0.08955223880597014 0.14893617021276595
0 0.5522388059701493 0.09574468085106383 0.1044776119402985 0.18085106382978725
0 0.45149253731343286 0.9468085106382979 0.14925373134328357 0.09574468085106383
0 0.30783582089552236 0.8882978723404256 0.041044776119402986 0.2127659574468085
0 0.3694029850746269 0.648936170212766 0.05223880597014925 0.06382978723404255
0 0.9235074626865671 0.925531914893617 0.10820895522388059 0.14893617021276595
