0 0.09963768115942029 0.43989071038251365 0.06159420289855073 0.2677595628415301
0 0.16666666666666666 0.37158469945355194 0.057971014492753624 0.273224043715847
0 0.22644927536231885 0.5218579234972678 0.07608695652173914 0.2786885245901639
0 0.2753623188405797 0.43169398907103823 0.09420289855072464 0.31693989071038253
0 0.3351449275362319 0.47540983606557374 0.09057971014492754 0.28415300546448086
0 0.3804347826086957 0.42349726775956287 0.10144927536231885 0.3224043715846995
0 0.45108695652173914 0.43989071038251365 0.05434782608695652 0.2896174863387978
0 0.4963768115942029 0.4344262295081967 0.057971014492753624 0.2896174863387978
0 0.5416666666666666 0.4180327868852459 0.07608695652173914 0.3333333333333333
0 0.5978260869565217 0.4207650273224044 0.07246376811594203 0.29508196721311475
0 0.6485507246376812 0.4672131147540984 0.07971014492753623 0.3114754098360656
0 0.6902173913043478 0.453551912568306 0.06884057971014493 0.28415300546448086
0 0.7391304347826086 0.45081967213114754 0.09420289855072464 0.3442622950819672
0 0.7916666666666666 0.42896174863387976 0.06884057971014493 0.2896174863387978
0 0.8460144927536232 0.46174863387978143 0.09057971014492754 0.3224043715846995
0 0.9003623188405797 0.4344262295081967 0.09057971014492754 0.3224043715846995
