0 0.2909090909090909 0.7185792349726776 0.24 0.5628415300546448
0 0.19818181818181818 0.4453551912568306 0.3236363636363636 0.3442622950819672
0 0.6763636363636364 0.6256830601092896 0.3709090909090909 0.366120218579235
0 0.7418181818181818 0.8415300546448088 0.4 0.18579234972677597
0 0.44181818181818183 0.8469945355191257 0.2 0.30601092896174864
0 0.3890909090909091 0.1885245901639344 0.32727272727272727 0.366120218579235
0 0.6909090909090909 0.4426229508196721 0.3563636363636364 0.39344262295081966
0 0.9181818181818182 0.5683060109289617 0.13454545454545455 0.19672131147540983
0 0.86 0.14207650273224043 0.28 0.273224043715847
0 0.6309090909090909 0.1092896174863388 0.22181818181818183 0.20765027322404372
0 0.5618181818181818 0.7240437158469946 0.12727272727272726 0.2896174863387978
