0 0.08494208494208494 0.43556701030927836 0.10038610038610038 0.4175257731958763
0 0.11003861003861004 0.4896907216494845 0.10424710424710425 0.4329896907216495
0 0.14478764478764478 0.5438144329896907 0.10424710424710425 0.4381443298969072
0 0.2528957528957529 0.5592783505154639 0.11196911196911197 0.4484536082474227
0 0.3416988416988417 0.538659793814433 0.11196911196911197 0.4484536082474227
0 0.4266409266409266 0.520618556701031 0.10424710424710425 0.44329896907216493
0 0.5173745173745173 0.5025773195876289 0.10810810810810811 0.4381443298969072
0 0.5965250965250966 0.4793814432989691 0.10424710424710425 0.4329896907216495
0 0.6795366795366795 0.46134020618556704 0.10038610038610038 0.4381443298969072
0 0.7606177606177607 0.44072164948453607 0.10038610038610038 0.4381443298969072
0 0.8436293436293436 0.4175257731958763 0.10424710424710425 0.422680412371134
0 0.9266409266409267 0.39948453608247425 0.10038610038610038 0.4175257731958763
0 0.1640926640926641 0.25 0.09652509652509653 0.08762886597938144
0 0.18532818532818532 0.28865979381443296 0.10810810810810811 0.08247422680412371
0 0.21814671814671815 0.32989690721649484 0.11196911196911197 0.09278350515463918
0 0.3108108108108108 0.31443298969072164 0.11196911196911197 0.08247422680412371
0 0.27413127413127414 0.2706185567010309 0.10810810810810811 0.08762886597938144
0 0.24324324324324326 0.2345360824742268 0.10038610038610038 0.07731958762886598
0 0.4015444015444015 0.2963917525773196 0.10038610038610038 0.08762886597938144
0 0.3552123552123552 0.26288659793814434 0.10038610038610038 0.09278350515463918
0 0.32625482625482627 0.2190721649484536 0.0888030888030888 0.08762886597938144
0 0.4092664092664093 0.19845360824742267 0.09266409266409266 0.08762886597938144
0 0.44015444015444016 0.2345360824742268 0.10038610038610038 0.07731958762886598
0 0.4864864864864865 0.28350515463917525 0.10038610038610038 0.09278350515463918
0 0.5637065637065637 0.2654639175257732 0.10038610038610038 0.0979381443298969
0 0.5173745173745173 0.2190721649484536 0.09266409266409266 0.07731958762886598
0 0.4864864864864865 0.18556701030927836 0.09266409266409266 0.09278350515463918
0 0.5637065637065637 0.16494845360824742 0.10038610038610038 0.08247422680412371
0 0.5984555984555985 0.211340206185567 0.10810810810810811 0.08247422680412371
0 0.6486486486486487 0.2422680412371134 0.10038610038610038 0.09278350515463918
0 0.6486486486486487 0.14432989690721648 0.09266409266409266 0.07216494845360824
0 0.6814671814671814 0.1958762886597938 0.10424710424710425 0.09278350515463918
0 0.7374517374517374 0.22164948453608246 0.10038610038610038 0.09278350515463918
0 0.7355212355212355 0.13144329896907217 0.10424710424710425 0.07731958762886598
0 0.7644787644787645 0.16752577319587628 0.10038610038610038 0.08762886597938144
0 0.8166023166023166 0.2036082474226804 0.09652509652509653 0.08762886597938144
0 0.8127413127413128 0.10824742268041238 0.09652509652509653 0.08247422680412371
0 0.8474903474903475 0.14432989690721648 0.09652509652509653 0.07216494845360824
0 0.8976833976833977 0.18041237113402062 0.0888030888030888 0.07216494845360824
0 0.24903474903474904 0.8350515463917526 0.3745173745173745 0.17525773195876287
