0 0.3030888030888031 0.3769230769230769 0.4980694980694981 0.1794871794871795
0 0.3185328185328185 0.2358974358974359 0.4594594594594595 0.10256410256410256
0 0.3301158301158301 0.13846153846153847 0.42084942084942084 0.10256410256410256
0 0.6081081081081081 0.30256410256410254 0.16602316602316602 0.48205128205128206
0 0.059845559845559844 0.7025641025641025 0.11196911196911197 0.15384615384615385
0 0.08108108108108109 0.5769230769230769 0.138996138996139 0.15897435897435896
0 0.17567567567567569 0.9 0.17374517374517376 0.2
0 0.20463320463320464 0.717948717948718 0.16216216216216217 0.17435897435897435
0 0.23166023166023167 0.5769230769230769 0.14671814671814673 0.16923076923076924
0 0.35135135135135137 0.9 0.1776061776061776 0.2
0 0.3687258687258687 0.7102564102564103 0.1583011583011583 0.16923076923076924
0 0.3803088803088803 0.558974358974359 0.15057915057915058 0.14358974358974358
0 0.5328185328185329 0.9 0.1776061776061776 0.2
0 0.5347490347490348 0.7128205128205128 0.16602316602316602 0.17435897435897435
0 0.5347490347490348 0.5564102564102564 0.1583011583011583 0.13846153846153847
0 0.7084942084942085 0.9 0.16602316602316602 0.2
0 0.696911196911197 0.7128205128205128 0.1583011583011583 0.17435897435897435
0 0.6853281853281853 0.5615384615384615 0.13513513513513514 0.13846153846153847
0 0.832046332046332 0.5615384615384615 0.15057915057915058 0.14871794871794872
0 0.8532818532818532 0.7076923076923077 0.16216216216216217 0.15384615384615385
0 0.8841698841698842 0.9025641025641026 0.19305019305019305 0.19487179487179487
0 0.8011583011583011 0.4128205128205128 0.13513513513513514 0.1282051282051282
0 0.7818532818532818 0.30512820512820515 0.14285714285714285 0.1076923076923077
0 0.752895752895753 0.20512820512820512 0.12355212355212356 0.09230769230769231
0 0.7374517374517374 0.13333333333333333 0.11583011583011583 0.09230769230769231
0 0.7200772200772201 0.06153846153846154 0.10424710424710425 0.07179487179487179
0 0.9054054054054054 0.31025641025641026 0.1274131274131274 0.09743589743589744
0 0.9343629343629344 0.4153846153846154 0.13127413127413126 0.12307692307692308
0 0.9555984555984556 0.558974358974359 0.0888030888030888 0.14358974358974358
0 0.07915057915057915 0.13846153846153847 0.09652509652509653 0.08205128205128205
0 0.8262548262548263 0.0641025641025641 0.10038610038610038 0.06666666666666667
0 0.8532818532818532 0.1358974358974359 0.12355212355212356 0.07692307692307693
0 0.8783783783783784 0.21025641025641026 0.1274131274131274 0.09230769230769231
0 0.21042471042471042 0.05897435897435897 0.0888030888030888 0.06666666666666667
0 0.10424710424710425 0.0641025641025641 0.10038610038610038 0.05641025641025641
0 0.30694980694980695 0.06153846153846154 0.10424710424710425 0.07179487179487179
0 0.4111969111969112 0.05897435897435897 0.09652509652509653 0.06666666666666667
0 0.5115830115830116 0.06153846153846154 0.11196911196911197 0.07179487179487179
0 0.6196911196911197 0.0641025641025641 0.10424710424710425 0.06666666666666667
0 0.9266409266409267 0.06666666666666667 0.10038610038610038 0.07179487179487179
0 0.9498069498069498 0.1358974358974359 0.09266409266409266 0.07692307692307693
0 0.9691119691119691 0.2153846153846154 0.06177606177606178 0.07179487179487179
