0 0.1776061776061776 0.5644329896907216 0.1776061776061776 0.4690721649484536
0 0.31467181467181465 0.32216494845360827 0.3204633204633205 0.22164948453608246
0 0.13127413127413126 0.6108247422680413 0.16988416988416988 0.5
0 0.333976833976834 0.6211340206185567 0.13513513513513514 0.4587628865979381
0 0.24903474903474904 0.6520618556701031 0.16602316602316602 0.4793814432989691
0 0.41312741312741313 0.6108247422680413 0.138996138996139 0.4072164948453608
0 0.5096525096525096 0.42010309278350516 0.21621621621621623 0.4587628865979381
0 0.4594594594594595 0.32216494845360827 0.138996138996139 0.37628865979381443
0 0.7181467181467182 0.8273195876288659 0.3783783783783784 0.20103092783505155
0 0.46332046332046334 0.9149484536082474 0.33204633204633205 0.17010309278350516
0 0.7316602316602316 0.36855670103092786 0.24324324324324326 0.30412371134020616
0 0.6525096525096525 0.6056701030927835 0.2702702702702703 0.28350515463917525
0 0.6988416988416989 0.5025773195876289 0.2857142857142857 0.23195876288659795
