1 0.23454545454545456 0.6530054644808743 0.20727272727272728 0.2677595628415301
1 0.32181818181818184 0.2103825136612022 0.20727272727272728 0.3005464480874317
1 0.3490909090909091 0.8360655737704918 0.21818181818181817 0.31693989071038253
1 0.5909090909090909 0.855191256830601 0.2581818181818182 0.2786885245901639
1 0.09090909090909091 0.4207650273224044 0.17454545454545456 0.29508196721311475
1 0.7490909090909091 0.7704918032786885 0.2545454545454545 0.32786885245901637
1 0.64 0.5355191256830601 0.20363636363636364 0.28415300546448086
1 0.5145454545454545 0.453551912568306 0.1781818181818182 0.25136612021857924
1 0.5963636363636363 0.32786885245901637 0.18181818181818182 0.24043715846994534
1 0.8545454545454545 0.2103825136612022 0.22545454545454546 0.2896174863387978
1 0.1290909090909091 0.860655737704918 0.2290909090909091 0.2786885245901639
1 0.8836363636363637 0.6502732240437158 0.23272727272727273 0.31693989071038253
1 0.9181818181818182 0.43169398907103823 0.16363636363636364 0.24043715846994534
1 0.5836363636363636 0.1721311475409836 0.2 0.20218579234972678
1 0.44181818181818183 0.6229508196721312 0.2 0.25136612021857924
