1 0.3 0.6366120218579235 0.48363636363636364 0.4098360655737705
1 0.6218181818181818 0.7896174863387978 0.64 0.4207650273224044
1 0.14545454545454545 0.8442622950819673 0.28363636363636363 0.23497267759562843
1 0.08181818181818182 0.5191256830601093 0.15636363636363637 0.4371584699453552
1 0.4036363636363636 0.45901639344262296 0.7272727272727273 0.4371584699453552
1 0.14545454545454545 0.3333333333333333 0.28363636363636363 0.273224043715847
1 0.3381818181818182 0.15846994535519127 0.38545454545454544 0.22950819672131148
1 0.36 0.3114754098360656 0.2545454545454545 0.34972677595628415
1 0.5909090909090909 0.39617486338797814 0.28 0.4207650273224044
1 0.68 0.16666666666666666 0.3709090909090909 0.3224043715846995
1 0.86 0.46994535519125685 0.28 0.41530054644808745
