1 0.1969111969111969 0.8092783505154639 0.20077220077220076 0.28865979381443296
1 0.22972972972972974 0.2757731958762887 0.14285714285714285 0.17010309278350516
1 0.06563706563706563 0.29896907216494845 0.12355212355212356 0.18556701030927836
1 0.5714285714285714 0.7680412371134021 0.16216216216216217 0.16494845360824742
1 0.34555984555984554 0.07731958762886598 0.17374517374517376 0.14432989690721648
1 0.6042471042471043 0.44587628865979384 0.1274131274131274 0.17010309278350516
1 0.8648648648648649 0.18298969072164947 0.13127413127413126 0.12886597938144329
1 0.6911196911196911 0.28350515463917525 0.10038610038610038 0.10309278350515463
1 0.7104247104247104 0.7989690721649485 0.14671814671814673 0.21649484536082475
1 0.5019305019305019 0.9252577319587629 0.18532818532818532 0.14948453608247422
1 0.28957528957528955 0.18041237113402062 0.12355212355212356 0.12371134020618557
1 0.305019305019305 0.6288659793814433 0.23166023166023167 0.25773195876288657
