1 0.55 0.7484662576687117 0.16451612903225807 0.294478527607362
1 0.2435483870967742 0.6441717791411042 0.1967741935483871 0.31901840490797545
1 0.18870967741935485 0.5214723926380368 0.17096774193548386 0.25766871165644173
1 0.16129032258064516 0.37116564417177916 0.12903225806451613 0.20245398773006135
1 0.10161290322580645 0.4815950920245399 0.13225806451612904 0.17791411042944785
1 0.8161290322580645 0.7116564417177914 0.12903225806451613 0.2331288343558282
1 0.8548387096774194 0.4294478527607362 0.1870967741935484 0.34355828220858897
1 0.5935483870967742 0.2822085889570552 0.5096774193548387 0.294478527607362
1 0.3709677419354839 0.549079754601227 0.12258064516129032 0.20245398773006135
1 0.5161290322580645 0.44171779141104295 0.14838709677419354 0.147239263803681
1 0.7693548387096775 0.6042944785276073 0.17096774193548386 0.25153374233128833
1 0.603225806451613 0.5828220858895705 0.16129032258064516 0.26993865030674846
1 0.3935483870967742 0.8312883435582822 0.12258064516129032 0.2392638036809816
