1 0.20656370656370657 0.7422680412371134 0.20463320463320464 0.30927835051546393
1 0.33976833976833976 0.8685567010309279 0.2084942084942085 0.26288659793814434
1 0.18725868725868725 0.4329896907216495 0.24324324324324326 0.3402061855670103
1 0.0888030888030888 0.19845360824742267 0.16988416988416988 0.36597938144329895
1 0.2413127413127413 0.17010309278350516 0.1969111969111969 0.28865979381443296
1 0.4864864864864865 0.7242268041237113 0.21621621621621623 0.27319587628865977
1 0.638996138996139 0.5695876288659794 0.20463320463320464 0.26288659793814434
1 0.3687258687258687 0.3865979381443299 0.23552123552123552 0.30927835051546393
1 0.4111969111969112 0.15721649484536082 0.20463320463320464 0.26288659793814434
1 0.667953667953668 0.17525773195876287 0.2084942084942085 0.29896907216494845
1 0.803088803088803 0.2757731958762887 0.21621621621621623 0.26288659793814434
1 0.8861003861003861 0.4948453608247423 0.2277992277992278 0.29896907216494845
1 0.8725868725868726 0.7345360824742269 0.21621621621621623 0.25257731958762886
1 0.18146718146718147 0.9072164948453608 0.2084942084942085 0.18556701030927836
