1 0.2426470588235294 0.5080971659919028 0.3284313725490196 0.1902834008097166
1 0.3333333333333333 0.6882591093117408 0.6568627450980392 0.46963562753036436
1 0.22303921568627452 0.9048582995951417 0.4362745098039216 0.1902834008097166
1 0.6985294117647058 0.8522267206477733 0.5441176470588235 0.29554655870445345
1 0.5441176470588235 0.4291497975708502 0.3627450980392157 0.21052631578947367
1 0.27941176470588236 0.33805668016194335 0.3333333333333333 0.18218623481781376
1 0.45588235294117646 0.23481781376518218 0.3235294117647059 0.21862348178137653
1 0.6936274509803921 0.11133603238866396 0.27941176470588236 0.20647773279352227
1 0.7303921568627451 0.2813765182186235 0.28431372549019607 0.22267206477732793
1 0.8578431372549019 0.46558704453441296 0.28431372549019607 0.3643724696356275
1 0.18137254901960784 0.19433198380566802 0.3431372549019608 0.27530364372469635
1 0.47794117647058826 0.10323886639676114 0.24019607843137256 0.14979757085020243
