1 0.6223021582733813 0.7541436464088398 0.18705035971223022 0.24861878453038674
1 0.37050359712230213 0.7596685082872928 0.2949640287769784 0.30386740331491713
1 0.5143884892086331 0.8204419889502762 0.2014388489208633 0.2596685082872928
1 0.19424460431654678 0.6243093922651933 0.2014388489208633 0.19889502762430938
1 0.23201438848920863 0.6850828729281768 0.17625899280575538 0.23204419889502761
1 0.18705035971223022 0.3839779005524862 0.2014388489208633 0.2154696132596685
1 0.37410071942446044 0.44751381215469616 0.2158273381294964 0.26519337016574585
1 0.5467625899280576 0.5414364640883977 0.19424460431654678 0.287292817679558
1 0.6834532374100719 0.6243093922651933 0.14388489208633093 0.20994475138121546
1 0.7787769784172662 0.6850828729281768 0.1618705035971223 0.19889502762430938
1 0.7679856115107914 0.4198895027624309 0.15467625899280577 0.23204419889502761
1 0.7607913669064749 0.5414364640883977 0.16906474820143885 0.1878453038674033
1 0.7338129496402878 0.27900552486187846 0.302158273381295 0.281767955801105
1 0.2733812949640288 0.2292817679558011 0.07913669064748201 0.2154696132596685
1 0.5089928057553957 0.2983425414364641 0.3776978417266187 0.3425414364640884
1 0.368705035971223 0.1712707182320442 0.12589928057553956 0.20994475138121546
6 0.48201438848920863 0.7430939226519337 0.841726618705036 0.5138121546961326
