1 0.1736842105263158 0.8050847457627118 0.17894736842105263 0.2994350282485876
1 0.34385964912280703 0.6751412429378532 0.1543859649122807 0.288135593220339
1 0.43859649122807015 0.4887005649717514 0.14736842105263157 0.24293785310734464
1 0.42105263157894735 0.2824858757062147 0.18947368421052632 0.3502824858757062
1 0.10350877192982456 0.5310734463276836 0.1368421052631579 0.22598870056497175
1 0.08947368421052632 0.6694915254237288 0.17192982456140352 0.1751412429378531
1 0.6473684210526316 0.788135593220339 0.23508771929824562 0.4011299435028249
1 0.6964912280701754 0.480225988700565 0.22807017543859648 0.5310734463276836
1 0.8614035087719298 0.5819209039548022 0.24210526315789474 0.327683615819209
1 0.13508771929824562 0.2401129943502825 0.12982456140350876 0.2655367231638418
1 0.8543859649122807 0.12146892655367232 0.14385964912280702 0.22033898305084745
1 0.8368421052631579 0.8954802259887006 0.22105263157894736 0.20903954802259886
1 0.36666666666666664 0.9293785310734464 0.12280701754385964 0.14124293785310735
1 0.28771929824561404 0.3954802259887006 0.12631578947368421 0.2598870056497175
1 0.843859649122807 0.4124293785310734 0.09473684210526316 0.14689265536723164
1 0.30701754385964913 0.1440677966101695 0.12982456140350876 0.1751412429378531
