1 0.3548387096774194 0.5689655172413793 0.1774193548387097 0.1921182266009852
1 0.4032258064516129 0.3891625615763547 0.18548387096774194 0.19704433497536947
1 0.4838709677419355 0.5517241379310345 0.18548387096774194 0.2660098522167488
1 0.5483870967741935 0.39408866995073893 0.1693548387096774 0.18719211822660098
1 0.1935483870967742 0.20935960591133004 0.18548387096774194 0.22167487684729065
1 0.08870967741935484 0.11330049261083744 0.1693548387096774 0.21674876847290642
1 0.29435483870967744 0.11576354679802955 0.1532258064516129 0.1921182266009852
1 0.19959677419354838 0.7857142857142857 0.17338709677419356 0.2315270935960591
1 0.3467741935483871 0.8275862068965517 0.1774193548387097 0.17733990147783252
1 0.48588709677419356 0.8423645320197044 0.14919354838709678 0.1477832512315271
1 0.7721774193548387 0.541871921182266 0.2217741935483871 0.22660098522167488
1 0.7338709677419355 0.7241379310344828 0.20161290322580644 0.20689655172413793
1 0.7963709677419355 0.8497536945812808 0.1814516129032258 0.1330049261083744
1 0.6270161290322581 0.8325123152709359 0.17338709677419356 0.16748768472906403
1 0.719758064516129 0.35960591133004927 0.1975806451612903 0.20689655172413793
1 0.5100806451612904 0.2315270935960591 0.18951612903225806 0.20689655172413793
1 0.4334677419354839 0.10098522167487685 0.1814516129032258 0.1921182266009852
1 0.5141129032258065 0.2315270935960591 0.1814516129032258 0.21674876847290642
1 0.5987903225806451 0.10098522167487685 0.17338709677419356 0.1921182266009852
1 0.6814516129032258 0.21182266009852216 0.16129032258064516 0.17733990147783252
1 0.7661290322580645 0.09852216748768473 0.16129032258064516 0.18719211822660098
1 0.17943548387096775 0.6280788177339901 0.17338709677419356 0.1921182266009852
1 0.15120967741935484 0.45566502463054187 0.17338709677419356 0.21182266009852216
1 0.0625 0.7733990147783252 0.11693548387096774 0.23645320197044334
1 0.9435483870967742 0.26354679802955666 0.11290322580645161 0.22167487684729065
1 0.8991935483870968 0.43103448275862066 0.18548387096774194 0.21182266009852216
1 0.9133064516129032 0.10591133004926108 0.17338709677419356 0.18226600985221675
1 0.905241935483871 0.7980295566502463 0.18951612903225806 0.22660098522167488
1 0.9112903225806451 0.6280788177339901 0.1774193548387097 0.1724137931034483
