1 0.4494949494949495 0.5794117647058824 0.15151515151515152 0.2647058823529412
1 0.7558922558922558 0.14705882352941177 0.16498316498316498 0.2823529411764706
1 0.23063973063973064 0.4588235294117647 0.15824915824915825 0.25882352941176473
1 0.27946127946127947 0.6529411764705882 0.1414141414141414 0.25882352941176473
1 0.28114478114478114 0.8852941176470588 0.15151515151515152 0.22941176470588234
1 0.18855218855218855 0.1323529411764706 0.15488215488215487 0.2529411764705882
1 0.632996632996633 0.7352941176470589 0.1750841750841751 0.27058823529411763
1 0.8501683501683501 0.37058823529411766 0.15151515151515152 0.24705882352941178
1 0.9393939393939394 0.8794117647058823 0.12121212121212122 0.2411764705882353
1 0.45286195286195285 0.19705882352941176 0.13804713804713806 0.22941176470588234
1 0.1026936026936027 0.7029411764705882 0.13804713804713806 0.21764705882352942
1 0.8249158249158249 0.5647058823529412 0.13468013468013468 0.2235294117647059
1 0.07407407407407407 0.19705882352941176 0.12121212121212122 0.20588235294117646
