1 0.5704225352112676 0.692090395480226 0.14788732394366197 0.23163841807909605
1 0.3362676056338028 0.2796610169491525 0.10915492957746478 0.15254237288135594
1 0.45422535211267606 0.4548022598870056 0.11971830985915492 0.1751412429378531
1 0.43133802816901406 0.7203389830508474 0.1443661971830986 0.1977401129943503
1 0.3767605633802817 0.8700564971751412 0.14788732394366197 0.23728813559322035
1 0.25528169014084506 0.5338983050847458 0.13732394366197184 0.1864406779661017
1 0.2992957746478873 0.7005649717514124 0.14084507042253522 0.21468926553672316
1 0.7200704225352113 0.8954802259887006 0.13028169014084506 0.20903954802259886
1 0.6038732394366197 0.9265536723163842 0.13028169014084506 0.14689265536723164
1 0.5369718309859155 0.3531073446327684 0.10915492957746478 0.1751412429378531
1 0.6390845070422535 0.4774011299435028 0.12323943661971831 0.1751412429378531
1 0.795774647887324 0.8022598870056498 0.14084507042253522 0.22598870056497175
1 0.2306338028169014 0.2231638418079096 0.13028169014084506 0.1977401129943503
1 0.38028169014084506 0.07909604519774012 0.1267605633802817 0.14689265536723164
1 0.5721830985915493 0.1497175141242938 0.10915492957746478 0.15254237288135594
1 0.6637323943661971 0.1751412429378531 0.09507042253521127 0.1694915254237288
1 0.8133802816901409 0.2768361581920904 0.11267605633802817 0.1694915254237288
1 0.19190140845070422 0.6412429378531074 0.12323943661971831 0.22033898305084745
1 0.23767605633802816 0.3672316384180791 0.13732394366197184 0.1694915254237288
1 0.33274647887323944 0.2909604519774011 0.10915492957746478 0.15254237288135594
1 0.34330985915492956 0.4180790960451977 0.12323943661971831 0.1807909604519774
1 0.7323943661971831 0.5508474576271186 0.11971830985915492 0.1864406779661017
1 0.8415492957746479 0.5169491525423728 0.1056338028169014 0.1751412429378531
