1 0.3943298969072165 0.6525096525096525 0.30412371134020616 0.22393822393822393
1 0.5257731958762887 0.3532818532818533 0.25773195876288657 0.18146718146718147
1 0.6005154639175257 0.528957528957529 0.30412371134020616 0.22393822393822393
1 0.7654639175257731 0.8803088803088803 0.4484536082474227 0.23938223938223938
1 0.7268041237113402 0.694980694980695 0.3402061855670103 0.2471042471042471
1 0.48195876288659795 0.8532818532818532 0.3556701030927835 0.2702702702702703
1 0.30670103092783507 0.1969111969111969 0.23195876288659795 0.15444015444015444
1 0.20876288659793815 0.26640926640926643 0.15979381443298968 0.11583011583011583
1 0.6108247422680413 0.1525096525096525 0.22164948453608246 0.1583011583011583
1 0.7448453608247423 0.277992277992278 0.2422680412371134 0.14671814671814673
1 0.7989690721649485 0.38996138996138996 0.24742268041237114 0.16216216216216217
