1 0.2690909090909091 0.8032786885245902 0.2690909090909091 0.32786885245901637
1 0.6745454545454546 0.7622950819672131 0.29454545454545455 0.3989071038251366
1 0.14545454545454545 0.4453551912568306 0.2109090909090909 0.3005464480874317
1 0.5818181818181818 0.22950819672131148 0.20363636363636364 0.29508196721311475
1 0.42363636363636364 0.6721311475409836 0.18545454545454546 0.28415300546448086
1 0.33636363636363636 0.46174863387978143 0.1781818181818182 0.2568306010928962
1 0.2727272727272727 0.13934426229508196 0.19636363636363635 0.2677595628415301
1 0.9145454545454546 0.48360655737704916 0.1709090909090909 0.2677595628415301
1 0.8709090909090909 0.3360655737704918 0.16363636363636364 0.18032786885245902
1 0.5745454545454546 0.5683060109289617 0.21818181818181817 0.28415300546448086
1 0.48 0.4207650273224044 0.16 0.24043715846994534
