1 0.2953667953667954 0.7989690721649485 0.17374517374517376 0.20618556701030927
1 0.3088803088803089 0.6030927835051546 0.16988416988416988 0.21649484536082475
1 0.1640926640926641 0.6855670103092784 0.1969111969111969 0.1958762886597938
1 0.1891891891891892 0.37628865979381443 0.15444015444015444 0.17525773195876287
1 0.2644787644787645 0.2706185567010309 0.11969111969111969 0.19072164948453607
1 0.3108108108108108 0.4175257731958763 0.1274131274131274 0.1958762886597938
1 0.41505791505791506 0.8505154639175257 0.14285714285714285 0.18556701030927836
1 0.40540540540540543 0.6726804123711341 0.13127413127413126 0.18041237113402062
1 0.46525096525096526 0.5438144329896907 0.1274131274131274 0.15979381443298968
1 0.4034749034749035 0.45103092783505155 0.11196911196911197 0.18041237113402062
1 0.3841698841698842 0.28865979381443296 0.13513513513513514 0.16494845360824742
1 0.5154440154440154 0.3324742268041237 0.13513513513513514 0.19072164948453607
1 0.5598455598455598 0.44329896907216493 0.138996138996139 0.14432989690721648
1 0.5656370656370656 0.5798969072164949 0.1274131274131274 0.18041237113402062
1 0.5077220077220077 0.7164948453608248 0.1274131274131274 0.1958762886597938
1 0.5386100386100386 0.8762886597938144 0.13513513513513514 0.12371134020618557
1 0.6911196911196911 0.37628865979381443 0.13127413127413126 0.17525773195876287
1 0.667953667953668 0.5231958762886598 0.138996138996139 0.18041237113402062
1 0.7162162162162162 0.6649484536082474 0.15057915057915058 0.16494845360824742
1 0.611969111969112 0.7474226804123711 0.13513513513513514 0.18556701030927836
1 0.7644787644787645 0.8298969072164949 0.15444015444015444 0.20618556701030927
1 0.7934362934362934 0.5463917525773195 0.13513513513513514 0.17525773195876287
1 0.8146718146718147 0.4072164948453608 0.12355212355212356 0.16494845360824742
1 0.8436293436293436 0.7525773195876289 0.13513513513513514 0.18556701030927836
1 0.14092664092664092 0.845360824742268 0.18146718146718147 0.17525773195876287
