2 0.12444444444444444 0.5844444444444444 0.2222222222222222 0.26222222222222225
2 0.22444444444444445 0.43777777777777777 0.23555555555555555 0.3333333333333333
2 0.3333333333333333 0.5133333333333333 0.13333333333333333 0.2088888888888889
2 0.45555555555555555 0.4488888888888889 0.15555555555555556 0.1511111111111111
2 0.4488888888888889 0.5733333333333334 0.12444444444444444 0.1511111111111111
2 0.5888888888888889 0.44222222222222224 0.15555555555555556 0.17333333333333334
2 0.58 0.5733333333333334 0.17333333333333334 0.16
2 0.7111111111111111 0.43555555555555553 0.16 0.17777777777777778
2 0.7155555555555555 0.5711111111111111 0.14222222222222222 0.16444444444444445
2 0.8533333333333334 0.44 0.1511111111111111 0.18666666666666668
2 0.8577777777777778 0.5822222222222222 0.16 0.17777777777777778
