2 0.24041811846689895 0.8228571428571428 0.21602787456445993 0.32
2 0.17770034843205576 0.5371428571428571 0.1602787456445993 0.49142857142857144
2 0.3867595818815331 0.48 0.2926829268292683 0.4228571428571429
2 0.45121951219512196 0.6028571428571429 0.20557491289198607 0.36
2 0.4529616724738676 0.8228571428571428 0.2229965156794425 0.2057142857142857
2 0.6236933797909407 0.7 0.1672473867595819 0.28
2 0.5557491289198606 0.38 0.21254355400696864 0.5314285714285715
2 0.8118466898954704 0.17714285714285713 0.27177700348432055 0.30857142857142855
2 0.7770034843205574 0.49714285714285716 0.34146341463414637 0.5485714285714286
2 0.12717770034843207 0.7628571428571429 0.1916376306620209 0.24571428571428572
