3 0.6271929824561403 0.665158371040724 0.20175438596491227 0.6606334841628959
3 0.7609649122807017 0.579185520361991 0.17105263157894737 0.6515837104072398
3 0.37280701754385964 0.45475113122171945 0.21929824561403508 0.6289592760180995
3 0.5109649122807017 0.5701357466063348 0.17982456140350878 0.6515837104072398
3 0.28289473684210525 0.3891402714932127 0.18859649122807018 0.6153846153846154
3 0.4451754385964912 0.27601809954751133 0.12719298245614036 0.36199095022624433
3 0.5504385964912281 0.2918552036199095 0.12719298245614036 0.2850678733031674
3 0.6096491228070176 0.24660633484162897 0.13157894736842105 0.3393665158371041
3 0.7039473684210527 0.34615384615384615 0.12719298245614036 0.3665158371040724
3 0.7741228070175439 0.24660633484162897 0.12719298245614036 0.3393665158371041
3 0.868421052631579 0.4660633484162896 0.15789473684210525 0.6244343891402715
3 0.9364035087719298 0.38687782805429866 0.12719298245614036 0.5927601809954751
4 0.3574561403508772 0.8529411764705882 0.3991228070175439 0.23076923076923078
