4 0.11434108527131782 0.47435897435897434 0.22093023255813954 0.3641025641025641
4 0.046511627906976744 0.6897435897435897 0.08527131782945736 0.37435897435897436
4 0.14728682170542637 0.8487179487179487 0.2868217054263566 0.30256410256410254
4 0.374031007751938 0.9230769230769231 0.3062015503875969 0.15384615384615385
4 0.12015503875968993 0.21025641025641026 0.23255813953488372 0.19487179487179487
4 0.1434108527131783 0.05384615384615385 0.27906976744186046 0.09743589743589744
4 0.27906976744186046 0.4076923076923077 0.27906976744186046 0.23076923076923078
4 0.29457364341085274 0.5794871794871795 0.24806201550387597 0.2153846153846154
4 0.375968992248062 0.7717948717948718 0.27906976744186046 0.2205128205128205
4 0.4883720930232558 0.44358974358974357 0.15503875968992248 0.37435897435897436
4 0.32945736434108525 0.1641025641025641 0.26356589147286824 0.31794871794871793
4 0.6472868217054264 0.16666666666666666 0.4573643410852713 0.3230769230769231
4 0.8527131782945736 0.2692307692307692 0.29457364341085274 0.2923076923076923
4 0.8914728682170543 0.08461538461538462 0.21705426356589147 0.15897435897435896
4 0.5678294573643411 0.5743589743589743 0.25193798449612403 0.28717948717948716
4 0.7015503875968992 0.38974358974358975 0.2868217054263566 0.27692307692307694
4 0.6996124031007752 0.6666666666666666 0.25193798449612403 0.3384615384615385
4 0.5697674418604651 0.8435897435897436 0.20930232558139536 0.3128205128205128
4 0.7887596899224806 0.9282051282051282 0.29844961240310075 0.14358974358974358
4 0.8352713178294574 0.7282051282051282 0.2596899224806202 0.4
4 0.9127906976744186 0.8846153846153846 0.1744186046511628 0.23076923076923078
4 0.8565891472868217 0.4846153846153846 0.16279069767441862 0.2717948717948718
4 0.9573643410852714 0.5717948717948718 0.08527131782945736 0.37435897435897436
