4 0.16 0.6428571428571429 0.31333333333333335 0.7142857142857143
4 0.17833333333333334 0.8303571428571429 0.27666666666666667 0.3392857142857143
4 0.25833333333333336 0.15476190476190477 0.51 0.2976190476190476
4 0.31166666666666665 0.6279761904761905 0.24333333333333335 0.3392857142857143
4 0.445 0.875 0.27666666666666667 0.25
4 0.5616666666666666 0.5416666666666666 0.25666666666666665 0.44047619047619047
4 0.49 0.6666666666666666 0.11333333333333333 0.2261904761904762
4 0.6983333333333334 0.8273809523809523 0.31 0.34523809523809523
4 0.91 0.8125 0.18 0.375
4 0.6583333333333333 0.18452380952380953 0.2833333333333333 0.35714285714285715
4 0.88 0.23511904761904762 0.24 0.4583333333333333
4 0.8566666666666667 0.6666666666666666 0.2866666666666667 0.6666666666666666
