4 0.10743801652892562 0.7338129496402878 0.0440771349862259 0.2589928057553957
4 0.1349862258953168 0.6366906474820144 0.06060606060606061 0.41007194244604317
4 0.16942148760330578 0.7769784172661871 0.05234159779614325 0.18705035971223022
4 0.2369146005509642 0.658273381294964 0.15426997245179064 0.381294964028777
4 0.30578512396694213 0.579136690647482 0.12672176308539945 0.49640287769784175
4 0.32920110192837465 0.8705035971223022 0.12396694214876033 0.11510791366906475
4 0.40771349862258954 0.658273381294964 0.11019283746556474 0.41007194244604317
4 0.4118457300275482 0.2517985611510791 0.1349862258953168 0.4748201438848921
4 0.5619834710743802 0.5287769784172662 0.21487603305785125 0.8561151079136691
4 0.5950413223140496 0.7194244604316546 0.0440771349862259 0.2589928057553957
4 0.48622589531680444 0.7482014388489209 0.05785123966942149 0.18705035971223022
4 0.6763085399449036 0.6798561151079137 0.1184573002754821 0.43884892086330934
4 0.7203856749311295 0.4028776978417266 0.12947658402203857 0.4172661870503597
4 0.7658402203856749 0.7194244604316546 0.07162534435261708 0.2733812949640288
4 0.5482093663911846 0.8561151079136691 0.05509641873278237 0.10071942446043165
4 0.7837465564738292 0.8741007194244604 0.08539944903581267 0.09352517985611511
4 0.790633608815427 0.4856115107913669 0.06611570247933884 0.16546762589928057
4 0.8581267217630854 0.7122302158273381 0.12396694214876033 0.3597122302158273
4 0.8925619834710744 0.762589928057554 0.049586776859504134 0.2446043165467626
