4 0.12545454545454546 0.8743169398907104 0.24363636363636362 0.25136612021857924
4 0.11272727272727273 0.6366120218579235 0.21818181818181817 0.2459016393442623
4 0.07454545454545454 0.3907103825136612 0.14181818181818182 0.43169398907103823
4 0.056363636363636366 0.10382513661202186 0.10545454545454545 0.19672131147540983
4 0.42363636363636364 0.8333333333333334 0.34545454545454546 0.3333333333333333
4 0.3509090909090909 0.4918032786885246 0.4763636363636364 0.4808743169398907
4 0.2545454545454545 0.1885245901639344 0.32 0.366120218579235
4 0.6636363636363637 0.30601092896174864 0.6727272727272727 0.6010928961748634
4 0.8127272727272727 0.33060109289617484 0.37454545454545457 0.3333333333333333
4 0.6890909090909091 0.7486338797814208 0.6218181818181818 0.5027322404371585
4 0.7018181818181818 0.8497267759562842 0.26181818181818184 0.3005464480874317
4 0.9054545454545454 0.8224043715846995 0.1890909090909091 0.3551912568306011
