5 0.10620915032679738 0.2621951219512195 0.20588235294117646 0.5121951219512195
5 0.30392156862745096 0.2621951219512195 0.20915032679738563 0.5121951219512195
5 0.5049019607843137 0.25914634146341464 0.21895424836601307 0.5060975609756098
5 0.7009803921568627 0.25914634146341464 0.21895424836601307 0.5060975609756098
5 0.8970588235294118 0.2530487804878049 0.20588235294117646 0.49390243902439024
5 0.8970588235294118 0.7469512195121951 0.20588235294117646 0.5060975609756098
5 0.7009803921568627 0.7408536585365854 0.21895424836601307 0.5182926829268293
5 0.5016339869281046 0.7408536585365854 0.21895424836601307 0.5182926829268293
5 0.3022875816993464 0.7408536585365854 0.21895424836601307 0.5182926829268293
5 0.10620915032679738 0.7408536585365854 0.20588235294117646 0.5182926829268293
