5 0.8454545454545455 0.8224043715846995 0.3090909090909091 0.3551912568306011
5 0.9272727272727272 0.5573770491803278 0.14545454545454545 0.31693989071038253
5 0.7963636363636364 0.5546448087431693 0.14545454545454545 0.2677595628415301
5 0.7945454545454546 0.36065573770491804 0.12 0.18579234972677597
5 0.6381818181818182 0.7704918032786885 0.16363636363636364 0.25136612021857924
5 0.9509090909090909 0.31693989071038253 0.09818181818181818 0.25136612021857924
5 0.7654545454545455 0.1830601092896175 0.11272727272727273 0.2459016393442623
5 0.8527272727272728 0.13934426229508196 0.12 0.2568306010928962
5 0.6727272727272727 0.5628415300546448 0.14545454545454545 0.24043715846994534
5 0.64 0.9016393442622951 0.26181818181818184 0.19672131147540983
