5 0.2863372093023256 0.6394557823129252 0.125 0.2857142857142857
5 0.39244186046511625 0.6700680272108843 0.12209302325581395 0.2925170068027211
5 0.4941860465116279 0.6938775510204082 0.11046511627906977 0.272108843537415
5 0.6046511627906976 0.7040816326530612 0.12209302325581395 0.25170068027210885
5 0.7005813953488372 0.7074829931972789 0.09883720930232558 0.32653061224489793
5 0.8633720930232558 0.6802721088435374 0.09883720930232558 0.32653061224489793
5 0.5813953488372093 0.43537414965986393 0.09883720930232558 0.32653061224489793
5 0.32848837209302323 0.4217687074829932 0.09883720930232558 0.32653061224489793
5 0.23837209302325582 0.3741496598639456 0.09883720930232558 0.32653061224489793
5 0.0755813953488372 0.5170068027210885 0.09883720930232558 0.32653061224489793
5 0.06976744186046512 0.8367346938775511 0.09883720930232558 0.32653061224489793
5 0.2238372093023256 0.8571428571428571 0.12209302325581395 0.2857142857142857
5 0.38226744186046513 0.16666666666666666 0.1308139534883721 0.30612244897959184
5 0.5683139534883721 0.1564625850340136 0.125 0.2857142857142857
5 0.9069767441860465 0.13945578231292516 0.09883720930232558 0.25170068027210885
5 0.11773255813953488 0.2891156462585034 0.09593023255813954 0.30612244897959184
5 0.19476744186046513 0.12244897959183673 0.12790697674418605 0.23129251700680273
