6 0.4085820895522388 0.7313829787234043 0.1828358208955224 0.5159574468085106
6 0.6399253731343284 0.7393617021276596 0.1455223880597015 0.48936170212765956
6 0.7854477611940298 0.6223404255319149 0.16044776119402984 0.6276595744680851
6 0.16417910447761194 0.5851063829787234 0.208955223880597 0.6276595744680851
6 0.3376865671641791 0.601063829787234 0.1455223880597015 0.6170212765957447
6 0.10261194029850747 0.4015957446808511 0.19029850746268656 0.7925531914893617
6 0.20335820895522388 0.38563829787234044 0.22014925373134328 0.7606382978723404
6 0.34888059701492535 0.25 0.19029850746268656 0.32978723404255317
6 0.5186567164179104 0.1356382978723404 0.19402985074626866 0.26063829787234044
6 0.539179104477612 0.5797872340425532 0.1455223880597015 0.6914893617021277
6 0.5186567164179104 0.4574468085106383 0.12686567164179105 0.26595744680851063
6 0.6623134328358209 0.5851063829787234 0.1455223880597015 0.6063829787234043
6 0.7201492537313433 0.3058510638297872 0.22388059701492538 0.4095744680851064
6 0.9347014925373134 0.5904255319148937 0.13059701492537312 0.7127659574468085
6 0.8861940298507462 0.3776595744680851 0.1828358208955224 0.7340425531914894
6 0.7164179104477612 0.3829787234042553 0.23880597014925373 0.7553191489361702
