6 0.3088235294117647 0.6162162162162163 0.18382352941176472 0.5621621621621622
6 0.1636029411764706 0.32972972972972975 0.23897058823529413 0.5513513513513514
6 0.18198529411764705 0.7648648648648648 0.16544117647058823 0.32972972972972975
6 0.33455882352941174 0.14594594594594595 0.34558823529411764 0.24864864864864866
6 0.4650735294117647 0.3027027027027027 0.39338235294117646 0.3027027027027027
6 0.4025735294117647 0.527027027027027 0.23161764705882354 0.23243243243243245
6 0.4375 0.6243243243243243 0.16911764705882354 0.5351351351351351
6 0.5275735294117647 0.4783783783783784 0.1213235294117647 0.5783783783783784
6 0.5772058823529411 0.8486486486486486 0.21323529411764705 0.22702702702702704
6 0.7352941176470589 0.5459459459459459 0.3602941176470588 0.6378378378378379
6 0.7720588235294118 0.8297297297297297 0.20588235294117646 0.2648648648648649
6 0.8492647058823529 0.6675675675675675 0.1323529411764706 0.2
6 0.6819852941176471 0.12432432432432433 0.20220588235294118 0.23783783783783785
6 0.8216911764705882 0.13783783783783785 0.20955882352941177 0.2648648648648649
