6 0.13777777777777778 0.7133333333333334 0.24 0.49333333333333335
6 0.13555555555555557 0.2288888888888889 0.1288888888888889 0.37777777777777777
6 0.9222222222222223 0.7888888888888889 0.13777777777777778 0.3511111111111111
6 0.24888888888888888 0.26 0.11555555555555555 0.30666666666666664
6 0.35777777777777775 0.27111111111111114 0.12 0.29333333333333333
6 0.31333333333333335 0.7577777777777778 0.1288888888888889 0.40444444444444444
6 0.46444444444444444 0.7533333333333333 0.14666666666666667 0.41333333333333333
6 0.6177777777777778 0.7577777777777778 0.11555555555555555 0.40444444444444444
6 0.7688888888888888 0.7711111111111111 0.16 0.37777777777777777
6 0.47333333333333333 0.2733333333333333 0.1111111111111111 0.28
6 0.5888888888888889 0.27111111111111114 0.10222222222222223 0.28444444444444444
6 0.7 0.2777777777777778 0.12 0.28
6 0.8088888888888889 0.2866666666666667 0.09777777777777778 0.24444444444444444
6 0.9222222222222223 0.3088888888888889 0.10222222222222223 0.22666666666666666
