0 0.22482014388489208 0.4530386740331492 0.19784172661870503 0.3314917127071823
0 0.31115107913669066 0.6546961325966851 0.29136690647482016 0.18232044198895028
0 0.5359712230215827 0.712707182320442 0.2805755395683453 0.1878453038674033
0 0.6960431654676259 0.6685082872928176 0.17625899280575538 0.39779005524861877
0 0.4658273381294964 0.5524861878453039 0.2697841726618705 0.19889502762430938
0 0.3273381294964029 0.42265193370165743 0.19424460431654678 0.3370165745856354
0 0.4982014388489209 0.4530386740331492 0.25539568345323743 0.19889502762430938
0 0.60431654676259 0.4143646408839779 0.2517985611510791 0.2430939226519337
0 0.7212230215827338 0.39502762430939226 0.25539568345323743 0.2265193370165746
0 0.7266187050359713 0.2955801104972376 0.2517985611510791 0.20441988950276244
