0 0.43636363636363634 0.6557377049180327 0.08 0.44808743169398907
0 0.5018181818181818 0.6939890710382514 0.09454545454545454 0.44808743169398907
0 0.37272727272727274 0.6229508196721312 0.09090909090909091 0.44808743169398907
0 0.58 0.6612021857923497 0.07636363636363637 0.45901639344262296
0 0.6472727272727272 0.6202185792349727 0.08727272727272728 0.4426229508196721
0 0.37272727272727274 0.3743169398907104 0.08363636363636363 0.08196721311475409
0 0.44363636363636366 0.4016393442622951 0.08727272727272728 0.08196721311475409
0 0.509090909090909 0.4371584699453552 0.08 0.07650273224043716
0 0.5763636363636364 0.4098360655737705 0.07636363636363637 0.06557377049180328
0 0.5072727272727273 0.37158469945355194 0.07636363636363637 0.07650273224043716
0 0.5781818181818181 0.3442622950819672 0.08 0.07650273224043716
0 0.6527272727272727 0.3797814207650273 0.07636363636363637 0.08196721311475409
0 0.37454545454545457 0.3087431693989071 0.07272727272727272 0.07103825136612021
0 0.44545454545454544 0.33879781420765026 0.08363636363636363 0.07650273224043716
0 0.44 0.2786885245901639 0.07272727272727272 0.06557377049180328
0 0.5072727272727273 0.25136612021857924 0.07636363636363637 0.07650273224043716
0 0.5072727272727273 0.30601092896174864 0.08363636363636363 0.06557377049180328
0 0.5763636363636364 0.2814207650273224 0.06909090909090909 0.07103825136612021
0 0.6418181818181818 0.3114754098360656 0.06909090909090909 0.06557377049180328
