0 0.4890909090909091 0.6857923497267759 0.1781818181818182 0.366120218579235
0 0.18727272727272729 0.8114754098360656 0.3090909090909091 0.3442622950819672
0 0.24 0.28688524590163933 0.16 0.2896174863387978
0 0.24363636363636362 0.5409836065573771 0.13090909090909092 0.26229508196721313
0 0.10181818181818182 0.5546448087431693 0.19636363636363635 0.4207650273224044
0 0.07818181818181819 0.21584699453551912 0.14909090909090908 0.3770491803278688
0 0.5945454545454546 0.5081967213114754 0.1709090909090909 0.3825136612021858
0 0.43636363636363634 0.4562841530054645 0.16727272727272727 0.3114754098360656
0 0.26181818181818184 0.3825136612021858 0.07272727272727272 0.08743169398907104
0 0.31636363636363635 0.4426229508196721 0.09454545454545454 0.12021857923497267
0 0.34545454545454546 0.5765027322404371 0.09454545454545454 0.16939890710382513
0 0.3709090909090909 0.7240437158469946 0.09454545454545454 0.2568306010928962
0 0.46 0.9153005464480874 0.26545454545454544 0.16939890710382513
0 0.6690909090909091 0.7377049180327869 0.16 0.25136612021857924
0 0.8309090909090909 0.5846994535519126 0.2290909090909091 0.41530054644808745
0 0.8109090909090909 0.8743169398907104 0.2909090909090909 0.25136612021857924
0 0.39454545454545453 0.24316939890710382 0.09090909090909091 0.14754098360655737
0 0.34363636363636363 0.32786885245901637 0.09090909090909091 0.13114754098360656
0 0.4763636363636364 0.26229508196721313 0.08727272727272728 0.16393442622950818
0 0.5563636363636364 0.2896174863387978 0.08727272727272728 0.16393442622950818
0 0.32181818181818184 0.08469945355191257 0.09090909090909091 0.15846994535519127
0 0.3381818181818182 0.18579234972677597 0.09454545454545454 0.14207650273224043
0 0.43454545454545457 0.10109289617486339 0.14909090909090908 0.1912568306010929
0 0.52 0.15846994535519127 0.09454545454545454 0.13114754098360656
0 0.6672727272727272 0.29508196721311475 0.12727272727272726 0.40437158469945356
0 0.7672727272727272 0.2103825136612022 0.10181818181818182 0.366120218579235
0 0.8636363636363636 0.19672131147540983 0.09090909090909091 0.31693989071038253
0 0.9072727272727272 0.13934426229508196 0.15636363636363637 0.2677595628415301
0 0.8 0.5245901639344263 0.2690909090909091 0.25136612021857924
0 0.8436363636363636 0.6229508196721312 0.2909090909090909 0.26229508196721313
0 0.9472727272727273 0.4344262295081967 0.10545454545454545 0.3333333333333333
