0 0.2279874213836478 0.3553459119496855 0.19811320754716982 0.3584905660377358
0 0.5959119496855346 0.7295597484276729 0.11006289308176101 0.5031446540880503
0 0.0770440251572327 0.5188679245283019 0.14150943396226415 0.20754716981132076
0 0.10377358490566038 0.5440251572327044 0.11320754716981132 0.22012578616352202
0 0.139937106918239 0.610062893081761 0.07232704402515723 0.16352201257861634
0 0.20440251572327045 0.60062893081761 0.11320754716981132 0.15723270440251572
0 0.2861635220125786 0.6289308176100629 0.22012578616352202 0.2138364779874214
0 0.18553459119496854 0.7452830188679245 0.08176100628930817 0.16981132075471697
0 0.3333333333333333 0.7327044025157232 0.20754716981132076 0.22012578616352202
0 0.3663522012578616 0.8081761006289309 0.24842767295597484 0.3333333333333333
0 0.3663522012578616 0.9685534591194969 0.14150943396226415 0.06289308176100629
0 0.4748427672955975 0.9245283018867925 0.08176100628930817 0.1509433962264151
0 0.7154088050314465 0.8742138364779874 0.1792452830188679 0.2389937106918239
0 0.7138364779874213 0.7735849056603774 0.1761006289308176 0.22641509433962265
0 0.779874213836478 0.6981132075471698 0.2893081761006289 0.41509433962264153
0 0.5031446540880503 0.5031446540880503 0.08176100628930817 0.389937106918239
0 0.43238993710691825 0.5471698113207547 0.09119496855345911 0.18867924528301888
0 0.2279874213836478 0.3584905660377358 0.1918238993710692 0.3522012578616352
0 0.45440251572327045 0.22641509433962265 0.279874213836478 0.20125786163522014
0 0.42138364779874216 0.41509433962264153 0.1949685534591195 0.20125786163522014
0 0.6289308176100629 0.330188679245283 0.22012578616352202 0.34591194968553457
0 0.8977987421383647 0.7452830188679245 0.16037735849056603 0.23270440251572327
0 0.4638364779874214 0.8113207547169812 0.21069182389937108 0.27672955974842767
0 0.44025157232704404 0.08490566037735849 0.1761006289308176 0.15723270440251572
0 0.8223270440251572 0.5251572327044025 0.21069182389937108 0.16981132075471697
0 0.5613207547169812 0.4937106918238994 0.09119496855345911 0.34591194968553457
