0 0.22916666666666666 0.4162303664921466 0.24621212121212122 0.2356020942408377
0 0.3125 0.599476439790576 0.23863636363636365 0.29842931937172773
0 0.0946969696969697 0.44502617801047123 0.18181818181818182 0.34554973821989526
0 0.2178030303030303 0.756544502617801 0.2537878787878788 0.2670157068062827
0 0.125 0.7853403141361257 0.22727272727272727 0.2094240837696335
0 0.4678030303030303 0.4397905759162304 0.2765151515151515 0.17801047120418848
0 0.6799242424242424 0.6989528795811518 0.24621212121212122 0.2879581151832461
0 0.4640151515151515 0.5392670157068062 0.26136363636363635 0.16753926701570682
0 0.19886363636363635 0.18586387434554974 0.23106060606060605 0.29842931937172773
0 0.08712121212121213 0.14397905759162305 0.16666666666666666 0.25654450261780104
0 0.07575757575757576 0.22774869109947643 0.14393939393939395 0.225130890052356
0 0.3787878787878788 0.8089005235602095 0.1893939393939394 0.225130890052356
0 0.48674242424242425 0.7853403141361257 0.20833333333333334 0.2617801047120419
0 0.5625 0.8115183246073299 0.17803030303030304 0.2198952879581152
0 0.6420454545454546 0.8298429319371727 0.16287878787878787 0.18324607329842932
0 0.928030303030303 0.7408376963350786 0.14393939393939395 0.3612565445026178
0 0.8181818181818182 0.6047120418848168 0.17424242424242425 0.3612565445026178
0 0.7007575757575758 0.36387434554973824 0.1893939393939394 0.25654450261780104
0 0.5625 0.27225130890052357 0.26136363636363635 0.17801047120418848
0 0.3068181818181818 0.17015706806282724 0.18181818181818182 0.3193717277486911
0 0.3541666666666667 0.13612565445026178 0.1856060606060606 0.2617801047120419
0 0.5284090909090909 0.14921465968586387 0.26136363636363635 0.193717277486911
0 0.571969696969697 0.0968586387434555 0.26515151515151514 0.18324607329842932
0 0.8068181818181818 0.0968586387434555 0.2727272727272727 0.18324607329842932
0 0.9261363636363636 0.418848167539267 0.0946969696969697 0.31413612565445026
0 0.9299242424242424 0.14136125654450263 0.14015151515151514 0.27225130890052357
0 0.7575757575757576 0.21204188481675393 0.22727272727272727 0.09947643979057591
0 0.865530303030303 0.5261780104712042 0.17803030303030304 0.3717277486910995
0 0.7632575757575758 0.6570680628272252 0.16287878787878787 0.3507853403141361
0 0.7348484848484849 0.4083769633507853 0.1893939393939394 0.2617801047120419
0 0.4981060606060606 0.35340314136125656 0.2537878787878788 0.17277486910994763
