0 0.26755852842809363 0.772189349112426 0.17391304347826086 0.3727810650887574
0 0.06020066889632107 0.46745562130177515 0.11371237458193979 0.35502958579881655
0 0.07525083612040134 0.257396449704142 0.14381270903010032 0.20710059171597633
0 0.3745819397993311 0.3106508875739645 0.06688963210702341 0.2781065088757396
0 0.30434782608695654 0.3727810650887574 0.10033444816053512 0.3668639053254438
0 0.3411371237458194 0.6804733727810651 0.12040133779264214 0.31952662721893493
0 0.5585284280936454 0.6449704142011834 0.20066889632107024 0.11834319526627218
0 0.4882943143812709 0.5059171597633136 0.10702341137123746 0.33727810650887574
0 0.4665551839464883 0.8816568047337278 0.2040133779264214 0.21301775147928995
0 0.6939799331103679 0.45857988165680474 0.1505016722408027 0.3254437869822485
0 0.6705685618729097 0.606508875739645 0.13043478260869565 0.28994082840236685
0 0.5217391304347826 0.23668639053254437 0.16722408026755853 0.23668639053254437
0 0.7976588628762542 0.17455621301775148 0.13712374581939799 0.1952662721893491
0 0.7608695652173914 0.9023668639053254 0.17725752508361203 0.1952662721893491
0 0.8846153846153846 0.8816568047337278 0.13043478260869565 0.23668639053254437
0 0.8277591973244147 0.6094674556213018 0.1505016722408027 0.10650887573964497
0 0.16387959866220736 0.3431952662721893 0.09364548494983277 0.2958579881656805
0 0.06688963210702341 0.8047337278106509 0.12709030100334448 0.2485207100591716
0 0.18394648829431437 0.8668639053254438 0.14715719063545152 0.14792899408284024
0 0.8444816053511706 0.3727810650887574 0.24414715719063546 0.21301775147928995
0 0.8612040133779264 0.5059171597633136 0.21070234113712374 0.15976331360946747
0 0.6889632107023411 0.26627218934911245 0.13377926421404682 0.22485207100591717
0 0.8678929765886287 0.12721893491124261 0.11705685618729098 0.24260355029585798
0 0.4431438127090301 0.16568047337278108 0.11705685618729098 0.23668639053254437
0 0.705685618729097 0.1834319526627219 0.05351170568561873 0.09467455621301775
