0 0.13833333333333334 0.6041666666666666 0.10333333333333333 0.6607142857142857
0 0.22833333333333333 0.625 0.10333333333333333 0.6666666666666666
0 0.32 0.6398809523809523 0.11333333333333333 0.6726190476190477
0 0.4116666666666667 0.6190476190476191 0.10333333333333333 0.6666666666666666
0 0.5033333333333333 0.6458333333333334 0.10666666666666667 0.6726190476190477
0 0.5933333333333334 0.6160714285714286 0.1 0.6607142857142857
0 0.6866666666666666 0.6398809523809523 0.10666666666666667 0.6726190476190477
0 0.7766666666666666 0.6130952380952381 0.10666666666666667 0.6666666666666666
0 0.8683333333333333 0.5833333333333334 0.11 0.6428571428571429
0 0.14833333333333334 0.2648809523809524 0.11 0.05357142857142857
0 0.24 0.28273809523809523 0.09333333333333334 0.06547619047619048
0 0.32666666666666666 0.25892857142857145 0.1 0.06547619047619048
0 0.41333333333333333 0.27976190476190477 0.10666666666666667 0.07142857142857142
0 0.5 0.2857142857142857 0.09333333333333334 0.07142857142857142
0 0.5933333333333334 0.2708333333333333 0.1 0.05357142857142857
0 0.6866666666666666 0.2857142857142857 0.09333333333333334 0.05952380952380952
0 0.7716666666666666 0.26785714285714285 0.09 0.07142857142857142
0 0.8583333333333333 0.2619047619047619 0.10333333333333333 0.08333333333333333
