0 0.22695035460992907 0.776536312849162 0.1773049645390071 0.37988826815642457
0 0.41134751773049644 0.6703910614525139 0.07801418439716312 0.3463687150837989
0 0.48404255319148937 0.6759776536312849 0.08156028368794327 0.3575418994413408
0 0.5195035460992907 0.9273743016759777 0.09574468085106383 0.1452513966480447
0 0.36879432624113473 0.9357541899441341 0.10638297872340426 0.09497206703910614
0 0.4432624113475177 0.9050279329608939 0.11347517730496454 0.0782122905027933
0 0.425531914893617 0.9329608938547486 0.09219858156028368 0.0782122905027933
0 0.4787234042553192 0.9581005586592178 0.10638297872340426 0.08379888268156424
0 0.4929078014184397 0.8770949720670391 0.2695035460992908 0.1787709497206704
0 0.6737588652482269 0.7625698324022346 0.12056737588652482 0.36312849162011174
0 0.5833333333333334 0.7094972067039106 0.13829787234042554 0.4022346368715084
0 0.7712765957446809 0.8240223463687151 0.09574468085106383 0.17318435754189945
0 0.30319148936170215 0.6731843575418994 0.18085106382978725 0.5083798882681564
0 0.8847517730496454 0.6759776536312849 0.1950354609929078 0.2905027932960894
0 0.10106382978723404 0.61731843575419 0.16666666666666666 0.13966480446927373
0 0.22695035460992907 0.3324022346368715 0.18439716312056736 0.17318435754189945
0 0.4698581560283688 0.44692737430167595 0.1595744680851064 0.2122905027932961
0 0.6542553191489362 0.5251396648044693 0.17375886524822695 0.2346368715083799
0 0.8014184397163121 0.7541899441340782 0.19148936170212766 0.1452513966480447
0 0.7890070921985816 0.39664804469273746 0.24468085106382978 0.1005586592178771
0 0.20390070921985815 0.3435754189944134 0.2375886524822695 0.26256983240223464
0 0.7872340425531915 0.27932960893854747 0.14184397163120568 0.2122905027932961
0 0.42021276595744683 0.2681564245810056 0.08156028368794327 0.1005586592178771
0 0.4627659574468085 0.15921787709497207 0.0673758865248227 0.09497206703910614
