0 0.09868421052631579 0.38009049773755654 0.18859649122807018 0.669683257918552
0 0.23903508771929824 0.06787330316742081 0.15350877192982457 0.06334841628959276
0 0.34210526315789475 0.10407239819004525 0.16666666666666666 0.06334841628959276
0 0.38377192982456143 0.06334841628959276 0.15350877192982457 0.06334841628959276
0 0.5328947368421053 0.05203619909502263 0.15350877192982457 0.07692307692307693
0 0.668859649122807 0.04072398190045249 0.14473684210526316 0.07239819004524888
0 0.8048245614035088 0.06561085972850679 0.15350877192982457 0.12217194570135746
0 0.4956140350877193 0.09276018099547512 0.15789473684210525 0.058823529411764705
0 0.6469298245614035 0.07692307692307693 0.15350877192982457 0.06334841628959276
0 0.7850877192982456 0.07918552036199095 0.14912280701754385 0.10407239819004525
0 0.618421052631579 0.13122171945701358 0.15789473684210525 0.08144796380090498
0 0.7741228070175439 0.11085972850678733 0.16228070175438597 0.07692307692307693
0 0.4583333333333333 0.1515837104072398 0.16228070175438597 0.09502262443438914
0 0.18640350877192982 0.4253393665158371 0.18859649122807018 0.6787330316742082
0 0.29605263157894735 0.47058823529411764 0.18859649122807018 0.7058823529411765
0 0.4166666666666667 0.49547511312217196 0.19298245614035087 0.6923076923076923
0 0.5899122807017544 0.4796380090497738 0.17982456140350878 0.6877828054298643
0 0.7543859649122807 0.4434389140271493 0.17543859649122806 0.6515837104072398
0 0.9144736842105263 0.41855203619909503 0.17105263157894737 0.6289592760180995
0 0.6359649122807017 0.8484162895927602 0.7280701754385965 0.3031674208144796
