0 0.10545454545454545 0.39617486338797814 0.20363636363636364 0.3005464480874317
0 0.09272727272727273 0.7049180327868853 0.14181818181818182 0.17486338797814208
0 0.2 0.639344262295082 0.10181818181818182 0.22950819672131148
0 0.3145454545454546 0.819672131147541 0.10545454545454545 0.24043715846994534
0 0.4254545454545455 0.6366120218579235 0.20363636363636364 0.12568306010928962
0 0.5509090909090909 0.7868852459016393 0.13454545454545455 0.19672131147540983
0 0.509090909090909 0.47540983606557374 0.19636363636363635 0.30601092896174864
0 0.5890909090909091 0.3743169398907104 0.16727272727272727 0.3005464480874317
0 0.7781818181818182 0.5737704918032787 0.2690909090909091 0.28415300546448086
0 0.8363636363636363 0.9153005464480874 0.13818181818181818 0.11475409836065574
0 0.6545454545454545 0.8797814207650273 0.08 0.24043715846994534
0 0.39454545454545453 0.9590163934426229 0.1709090909090909 0.08196721311475409
0 0.39090909090909093 0.7076502732240437 0.16363636363636364 0.16939890710382513
0 0.36727272727272725 0.41530054644808745 0.13090909090909092 0.17486338797814208
0 0.2963636363636364 0.4207650273224044 0.08363636363636363 0.22950819672131148
0 0.2018181818181818 0.46174863387978143 0.16363636363636364 0.2459016393442623
0 0.48545454545454547 0.06830601092896176 0.1709090909090909 0.12568306010928962
0 0.17636363636363636 0.1557377049180328 0.26545454545454544 0.3005464480874317
0 0.7781818181818182 0.2923497267759563 0.09454545454545454 0.22404371584699453
0 0.72 0.17759562841530055 0.22545454545454546 0.3442622950819672
0 0.769090909090909 0.20765027322404372 0.11272727272727273 0.2185792349726776
0 0.7927272727272727 0.8142076502732241 0.16 0.14207650273224043
0 0.12 0.9344262295081968 0.16 0.09836065573770492
0 0.10363636363636364 0.8087431693989071 0.13454545454545455 0.18579234972677597
0 0.2545454545454545 0.226775956284153 0.15272727272727274 0.1912568306010929
0 0.9290909090909091 0.7377049180327869 0.08363636363636363 0.24043715846994534
