0 0.21320754716981133 0.7131578947368421 0.23773584905660378 0.4263157894736842
0 0.4056603773584906 0.7447368421052631 0.23773584905660378 0.3631578947368421
0 0.5924528301886792 0.7736842105263158 0.1811320754716981 0.30526315789473685
0 0.8226415094339623 0.7473684210526316 0.35471698113207545 0.35789473684210527
0 0.47924528301886793 0.5052631578947369 0.2339622641509434 0.3157894736842105
0 0.6622641509433962 0.5631578947368421 0.16981132075471697 0.2
0 0.7830188679245284 0.3 0.33584905660377357 0.4631578947368421
0 0.9358490566037736 0.5105263157894737 0.12830188679245283 0.4
0 0.3490566037735849 0.33421052631578946 0.16981132075471697 0.19473684210526315
0 0.30566037735849055 0.5052631578947369 0.1509433962264151 0.17894736842105263
0 0.16037735849056603 0.4631578947368421 0.16226415094339622 0.16842105263157894
0 0.5188679245283019 0.24736842105263157 0.21509433962264152 0.37894736842105264
0 0.3490566037735849 0.12368421052631579 0.22264150943396227 0.23684210526315788
0 0.20754716981132076 0.3078947368421053 0.1509433962264151 0.20526315789473684
