0 0.20362903225806453 0.49014778325123154 0.2862903225806452 0.4088669950738916
0 0.21774193548387097 0.6970443349753694 0.12903225806451613 0.15270935960591134
0 0.3064516129032258 0.6674876847290641 0.08870967741935484 0.1330049261083744
0 0.3911290322580645 0.7266009852216748 0.10483870967741936 0.11330049261083744
0 0.5705645161290323 0.7389162561576355 0.22983870967741934 0.19704433497536947
0 0.40524193548387094 0.4014778325123153 0.32661290322580644 0.5369458128078818
0 0.5604838709677419 0.43596059113300495 0.18548387096774194 0.5073891625615764
0 0.5967741935483871 0.1625615763546798 0.23387096774193547 0.18719211822660098
0 0.7217741935483871 0.4433497536945813 0.28225806451612906 0.4827586206896552
0 0.8306451612903226 0.4482758620689655 0.18548387096774194 0.3251231527093596
