0 0.08363636363636363 0.47540983606557374 0.08727272727272728 0.40437158469945356
0 0.13636363636363635 0.5655737704918032 0.09090909090909091 0.4098360655737705
0 0.19272727272727272 0.42896174863387976 0.08727272727272728 0.3879781420765027
0 0.26545454545454544 0.5355191256830601 0.08727272727272728 0.40437158469945356
0 0.34363636363636363 0.4726775956284153 0.08363636363636363 0.3989071038251366
0 0.4090909090909091 0.5765027322404371 0.08363636363636363 0.4098360655737705
0 0.49272727272727274 0.45081967213114754 0.11272727272727273 0.4644808743169399
0 0.58 0.5573770491803278 0.11272727272727273 0.46994535519125685
0 0.6581818181818182 0.3989071038251366 0.10181818181818182 0.45901639344262296
0 0.7618181818181818 0.5081967213114754 0.12 0.45901639344262296
0 0.8836363636363637 0.4426229508196721 0.12363636363636364 0.46994535519125685
