0 0.111328125 0.39847715736040606 0.21484375 0.5634517766497462
0 0.318359375 0.1700507614213198 0.21484375 0.17766497461928935
0 0.271484375 0.48223350253807107 0.23046875 0.5888324873096447
0 0.439453125 0.5583756345177665 0.23828125 0.6091370558375635
0 0.478515625 0.21573604060913706 0.22265625 0.14720812182741116
0 0.5234375 0.1065989847715736 0.2109375 0.1319796954314721
0 0.681640625 0.1751269035532995 0.22265625 0.13705583756345177
0 0.7109375 0.07614213197969544 0.2109375 0.14213197969543148
0 0.6484375 0.5177664974619289 0.234375 0.6091370558375635
0 0.8515625 0.4720812182741117 0.2265625 0.5888324873096447
0 0.875 0.34517766497461927 0.21875 0.5380710659898477
0 0.73828125 0.7741116751269036 0.453125 0.41116751269035534
