0 0.11089494163424124 0.4030612244897959 0.2140077821011673 0.5816326530612245
0 0.26848249027237353 0.4846938775510204 0.23346303501945526 0.6020408163265306
0 0.4377431906614786 0.5688775510204082 0.245136186770428 0.6173469387755102
0 0.6517509727626459 0.4489795918367347 0.23735408560311283 0.47959183673469385
0 0.8618677042801557 0.45918367346938777 0.22957198443579765 0.5714285714285714
0 0.31712062256809337 0.14795918367346939 0.22178988326848248 0.14285714285714285
0 0.48249027237354086 0.21428571428571427 0.23346303501945526 0.14285714285714285
0 0.5272373540856031 0.10204081632653061 0.22178988326848248 0.14285714285714285
0 0.6848249027237354 0.17857142857142858 0.22568093385214008 0.15306122448979592
0 0.8871595330739299 0.34438775510204084 0.22568093385214008 0.5459183673469388
0 0.7140077821011673 0.07397959183673469 0.2140077821011673 0.1377551020408163
0 0.745136186770428 0.7882653061224489 0.4708171206225681 0.413265306122449
