0 0.16727272727272727 0.8032786885245902 0.22545454545454546 0.39344262295081966
0 0.06181818181818182 0.6693989071038251 0.11636363636363636 0.3879781420765027
0 0.22727272727272727 0.4890710382513661 0.2727272727272727 0.22404371584699453
0 0.38181818181818183 0.8387978142076503 0.28363636363636363 0.2786885245901639
0 0.34 0.8934426229508197 0.29454545454545455 0.21311475409836064
0 0.12727272727272726 0.2459016393442623 0.24727272727272728 0.2185792349726776
0 0.24181818181818182 0.2896174863387978 0.2727272727272727 0.2185792349726776
0 0.3381818181818182 0.33060109289617484 0.27636363636363637 0.1912568306010929
0 0.41454545454545455 0.47540983606557374 0.24 0.33879781420765026
0 0.52 0.47540983606557374 0.24 0.34972677595628415
0 0.5290909090909091 0.6038251366120219 0.24363636363636362 0.3551912568306011
0 0.6381818181818182 0.5956284153005464 0.23636363636363636 0.34972677595628415
0 0.5672727272727273 0.8852459016393442 0.11636363636363636 0.22950819672131148
0 0.6854545454545454 0.825136612021858 0.12727272727272726 0.34972677595628415
0 0.78 0.7786885245901639 0.19272727272727272 0.4207650273224044
0 0.850909090909091 0.6994535519125683 0.20363636363636364 0.39344262295081966
0 0.9145454545454546 0.6830601092896175 0.1709090909090909 0.39344262295081966
0 0.7072727272727273 0.24316939890710382 0.28 0.1912568306010929
0 0.7709090909090909 0.40437158469945356 0.27636363636363637 0.22950819672131148
0 0.9454545454545454 0.48360655737704916 0.10909090909090909 0.15846994535519127
0 0.43272727272727274 0.17759562841530055 0.2690909090909091 0.2459016393442623
0 0.5072727272727273 0.11475409836065574 0.26545454545454544 0.2185792349726776
0 0.6163636363636363 0.10382513661202186 0.2581818181818182 0.19672131147540983
0 0.730909090909091 0.09836065573770492 0.28363636363636363 0.18579234972677597
0 0.9145454545454546 0.27049180327868855 0.1709090909090909 0.3224043715846995
