1 0.3416988416988417 0.3479381443298969 0.305019305019305 0.5309278350515464
1 0.47876447876447875 0.34536082474226804 0.3938223938223938 0.5154639175257731
1 0.44594594594594594 0.7190721649484536 0.18146718146718147 0.28350515463917525
1 0.2972972972972973 0.6907216494845361 0.16216216216216217 0.20618556701030927
1 0.5984555984555985 0.654639175257732 0.138996138996139 0.18556701030927836
1 0.5386100386100386 0.7422680412371134 0.17374517374517376 0.28865979381443296
1 0.7915057915057915 0.7061855670103093 0.14671814671814673 0.25773195876288657
1 0.8416988416988417 0.5695876288659794 0.3166023166023166 0.37628865979381443
1 0.6718146718146718 0.22164948453608246 0.2084942084942085 0.28865979381443296
1 0.4980694980694981 0.17010309278350516 0.23166023166023167 0.18556701030927836
1 0.7606177606177607 0.26288659793814434 0.12355212355212356 0.23711340206185566
1 0.09073359073359073 0.5231958762886598 0.13513513513513514 0.26288659793814434
