1 0.6467181467181468 0.8092783505154639 0.15057915057915058 0.20618556701030927
1 0.5598455598455598 0.7087628865979382 0.15444015444015444 0.19072164948453607
1 0.416988416988417 0.5025773195876289 0.12355212355212356 0.17010309278350516
1 0.3030888030888031 0.5360824742268041 0.13513513513513514 0.21649484536082475
1 0.8416988416988417 0.5902061855670103 0.19305019305019305 0.25257731958762886
1 0.8127413127413128 0.38144329896907214 0.18146718146718147 0.2268041237113402
1 0.19498069498069498 0.48195876288659795 0.13513513513513514 0.17010309278350516
1 0.5579150579150579 0.13917525773195877 0.16602316602316602 0.20618556701030927
1 0.3532818532818533 0.29896907216494845 0.13513513513513514 0.17525773195876287
1 0.6583011583011583 0.2551546391752577 0.15057915057915058 0.211340206185567
1 0.806949806949807 0.16752577319587628 0.1776061776061776 0.2422680412371134
1 0.305019305019305 0.11597938144329897 0.14671814671814673 0.20103092783505155
1 0.25868725868725867 0.25257731958762886 0.13127413127413126 0.17525773195876287
