1 0.10074626865671642 0.5718085106382979 0.1865671641791045 0.4734042553191489
1 0.16044776119402984 0.8643617021276596 0.31343283582089554 0.26063829787234044
1 0.24067164179104478 0.6037234042553191 0.26492537313432835 0.5478723404255319
1 0.48134328358208955 0.7127659574468085 0.44776119402985076 0.35106382978723405
1 0.1828358208955224 0.20212765957446807 0.13432835820895522 0.39361702127659576
1 0.291044776119403 0.3351063829787234 0.17164179104477612 0.6595744680851063
1 0.36380597014925375 0.3058510638297872 0.17537313432835822 0.601063829787234
1 0.4141791044776119 0.19680851063829788 0.16417910447761194 0.3829787234042553
1 0.7649253731343284 0.6595744680851063 0.4701492537313433 0.6808510638297872
1 0.7611940298507462 0.8856382978723404 0.3358208955223881 0.2074468085106383
1 0.6847014925373134 0.21808510638297873 0.4216417910447761 0.32978723404255317
1 0.8824626865671642 0.46808510638297873 0.23507462686567165 0.40425531914893614
1 0.7854477611940298 0.14095744680851063 0.4291044776119403 0.2712765957446808
