1 0.5196078431372549 0.503030303030303 0.26143790849673204 0.46060606060606063
1 0.7483660130718954 0.4818181818181818 0.24836601307189543 0.38181818181818183
1 0.14052287581699346 0.5636363636363636 0.23529411764705882 0.36363636363636365
1 0.31862745098039214 0.593939393939394 0.20588235294117646 0.3515151515151515
1 0.23202614379084968 0.22727272727272727 0.1830065359477124 0.3090909090909091
1 0.380718954248366 0.30303030303030304 0.22549019607843138 0.32727272727272727
1 0.553921568627451 0.17575757575757575 0.20588235294117646 0.3393939393939394
1 0.45588235294117646 0.8545454545454545 0.2777777777777778 0.2787878787878788
1 0.8464052287581699 0.806060606060606 0.21568627450980393 0.26666666666666666
1 0.21895424836601307 0.8272727272727273 0.23529411764705882 0.2727272727272727
1 0.9035947712418301 0.44545454545454544 0.17973856209150327 0.3939393939393939
