1 0.13756613756613756 0.7696629213483146 0.21164021164021163 0.16853932584269662
1 0.31746031746031744 0.47191011235955055 0.15873015873015872 0.11235955056179775
1 0.41005291005291006 0.1891385767790262 0.1746031746031746 0.13108614232209737
1 0.24338624338624337 0.13857677902621723 0.1693121693121693 0.1198501872659176
1 0.6931216931216931 0.6460674157303371 0.14814814814814814 0.11610486891385768
1 0.6322751322751323 0.5187265917602997 0.15343915343915343 0.13108614232209737
1 0.5555555555555556 0.8726591760299626 0.2222222222222222 0.1348314606741573
1 0.3253968253968254 0.8764044943820225 0.21693121693121692 0.12734082397003746
1 0.6349206349206349 0.28277153558052437 0.15873015873015872 0.10861423220973783
1 0.8121693121693122 0.5786516853932584 0.1746031746031746 0.11610486891385768
1 0.1455026455026455 0.33707865168539325 0.15343915343915343 0.09737827715355805
1 0.8227513227513228 0.17790262172284643 0.1746031746031746 0.12359550561797752
1 0.7407407407407407 0.8520599250936329 0.17989417989417988 0.13857677902621723
1 0.5740740740740741 0.7509363295880149 0.15343915343915343 0.12359550561797752
1 0.3148148148148148 0.5917602996254682 0.15343915343915343 0.12734082397003746
1 0.31216931216931215 0.7134831460674157 0.19047619047619047 0.11610486891385768
1 0.6825396825396826 0.0749063670411985 0.10582010582010581 0.0749063670411985
1 0.9338624338624338 0.7621722846441947 0.12169312169312169 0.11610486891385768
1 0.5370370370370371 0.08614232209737828 0.13227513227513227 0.11235955056179775
