1 0.37906137184115524 0.49725274725274726 0.17328519855595667 0.29120879120879123
1 0.868231046931408 0.6923076923076923 0.1624548736462094 0.26373626373626374
1 0.16606498194945848 0.14285714285714285 0.16606498194945848 0.27472527472527475
1 0.6425992779783394 0.10164835164835165 0.18050541516245489 0.19230769230769232
1 0.8664259927797834 0.3076923076923077 0.17328519855595667 0.27472527472527475
1 0.08303249097472924 0.8791208791208791 0.1444043321299639 0.2087912087912088
1 0.10830324909747292 0.6071428571428571 0.1371841155234657 0.22527472527472528
1 0.2148014440433213 0.4065934065934066 0.1407942238267148 0.23076923076923078
1 0.48736462093862815 0.6263736263736264 0.1371841155234657 0.23076923076923078
1 0.4404332129963899 0.9230769230769231 0.17328519855595667 0.15384615384615385
1 0.6787003610108303 0.4175824175824176 0.15162454873646208 0.23076923076923078
1 0.6425992779783394 0.5796703296703297 0.1371841155234657 0.21428571428571427
1 0.41155234657039713 0.31043956043956045 0.1299638989169675 0.22527472527472528
1 0.8898916967509025 0.8901098901098901 0.22021660649819494 0.21978021978021978
1 0.6877256317689531 0.8736263736263736 0.1552346570397112 0.23076923076923078
