1 0.13090909090909092 0.592896174863388 0.2545454545454545 0.3224043715846995
1 0.17272727272727273 0.47540983606557374 0.3381818181818182 0.39344262295081966
1 0.3090909090909091 0.7377049180327869 0.12363636363636364 0.17486338797814208
1 0.24727272727272728 0.4207650273224044 0.16 0.273224043715847
1 0.44363636363636366 0.6092896174863388 0.3418181818181818 0.4207650273224044
1 0.4290909090909091 0.4808743169398907 0.2909090909090909 0.5136612021857924
1 0.5381818181818182 0.273224043715847 0.08727272727272728 0.13114754098360656
1 0.5454545454545454 0.5081967213114754 0.24 0.33879781420765026
1 0.7436363636363637 0.5819672131147541 0.2581818181818182 0.3770491803278688
1 0.769090909090909 0.5 0.2509090909090909 0.3770491803278688
1 0.86 0.4180327868852459 0.15636363636363637 0.22404371584699453
1 0.9236363636363636 0.5792349726775956 0.15272727272727274 0.31693989071038253
