1 0.43653846153846154 0.8298969072164949 0.27307692307692305 0.3402061855670103
1 0.5326923076923077 0.5876288659793815 0.25 0.4329896907216495
1 0.7384615384615385 0.47680412371134023 0.2923076923076923 0.4175257731958763
1 0.9 0.7809278350515464 0.2 0.4381443298969072
1 0.39615384615384613 0.21649484536082475 0.25384615384615383 0.36082474226804123
1 0.33076923076923076 0.5 0.2692307692307692 0.30927835051546393
1 0.1596153846153846 0.43041237113402064 0.23461538461538461 0.3247422680412371
1 0.5692307692307692 0.2963917525773196 0.2076923076923077 0.211340206185567
1 0.7057692307692308 0.18041237113402062 0.19615384615384615 0.1958762886597938
1 0.16923076923076924 0.8298969072164949 0.2846153846153846 0.3402061855670103
