1 0.5462633451957295 0.5586592178770949 0.2099644128113879 0.3575418994413408
1 0.5782918149466192 0.22905027932960895 0.20284697508896798 0.33519553072625696
1 0.21530249110320285 0.24581005586592178 0.20284697508896798 0.3463687150837989
1 0.400355871886121 0.23743016759776536 0.19572953736654805 0.35195530726256985
1 0.35587188612099646 0.5111731843575419 0.19217081850533807 0.3407821229050279
1 0.20106761565836298 0.4972067039106145 0.18861209964412812 0.3016759776536313
1 0.20818505338078291 0.7681564245810056 0.18149466192170818 0.329608938547486
1 0.08540925266903915 0.7374301675977654 0.16370106761565836 0.3128491620111732
1 0.07651245551601424 0.45251396648044695 0.14590747330960854 0.2681564245810056
1 0.0711743772241993 0.1787709497206704 0.13523131672597866 0.3128491620111732
1 0.7651245551601423 0.5893854748603352 0.21352313167259787 0.3407821229050279
1 0.3612099644128114 0.8128491620111732 0.18861209964412812 0.35195530726256985
1 0.5355871886120996 0.8575418994413407 0.18861209964412812 0.2849162011173184
1 0.7135231316725978 0.8575418994413407 0.18861209964412812 0.2849162011173184
1 0.7704626334519573 0.2569832402234637 0.19572953736654805 0.3687150837988827
1 0.9163701067615658 0.3743016759776536 0.16725978647686832 0.3575418994413408
1 0.8896797153024911 0.840782122905028 0.199288256227758 0.31843575418994413
1 0.7135231316725978 0.09497206703910614 0.2099644128113879 0.1787709497206704
