1 0.1709090909090909 0.6939890710382514 0.33454545454545453 0.6010928961748634
1 0.15818181818181817 0.35792349726775957 0.3090909090909091 0.453551912568306
1 0.31636363636363635 0.8005464480874317 0.17454545454545456 0.2896174863387978
1 0.3618181818181818 0.8797814207650273 0.19272727272727272 0.24043715846994534
1 0.36727272727272725 0.3551912568306011 0.15272727272727274 0.25136612021857924
1 0.39090909090909093 0.1721311475409836 0.5563636363636364 0.3333333333333333
1 0.4909090909090909 0.24043715846994534 0.36363636363636365 0.36065573770491804
1 0.6072727272727273 0.6994535519125683 0.4290909090909091 0.4918032786885246
1 0.8345454545454546 0.8524590163934426 0.31636363636363635 0.29508196721311475
1 0.8654545454545455 0.674863387978142 0.2690909090909091 0.5300546448087432
1 0.92 0.4672131147540984 0.16 0.3879781420765027
1 0.8345454545454546 0.12021857923497267 0.1709090909090909 0.22950819672131148
1 0.7036363636363636 0.2650273224043716 0.19272727272727272 0.23497267759562843
1 0.5672727272727273 0.907103825136612 0.22545454545454546 0.18579234972677597
1 0.5854545454545454 0.5245901639344263 0.18181818181818182 0.20765027322404372
