1 0.10181818181818182 0.855191256830601 0.14545454545454545 0.21311475409836064
1 0.07454545454545454 0.16666666666666666 0.14181818181818182 0.2459016393442623
1 0.20727272727272728 0.5765027322404371 0.20363636363636364 0.366120218579235
1 0.18181818181818182 0.273224043715847 0.26181818181818184 0.4808743169398907
1 0.38727272727272727 0.1366120218579235 0.11272727272727273 0.17486338797814208
1 0.3981818181818182 0.3551912568306011 0.13454545454545455 0.20765027322404372
1 0.4709090909090909 0.8415300546448088 0.21454545454545454 0.31693989071038253
1 0.3145454545454546 0.7841530054644809 0.16363636363636364 0.4207650273224044
1 0.5763636363636364 0.7240437158469946 0.3018181818181818 0.5191256830601093
1 0.6163636363636363 0.3524590163934426 0.29454545454545455 0.453551912568306
1 0.7090909090909091 0.17759562841530055 0.2109090909090909 0.3333333333333333
1 0.8818181818181818 0.37158469945355194 0.19272727272727272 0.33879781420765026
1 0.8672727272727273 0.7759562841530054 0.26545454545454544 0.40437158469945356
1 0.7818181818181819 0.40437158469945356 0.08 0.12021857923497267
