1 0.5271739130434783 0.5027322404371585 0.18478260869565216 0.26229508196721313
1 0.08333333333333333 0.30601092896174864 0.15942028985507245 0.273224043715847
1 0.23369565217391305 0.819672131147541 0.17753623188405798 0.26229508196721313
1 0.2554347826086957 0.28688524590163933 0.16304347826086957 0.2459016393442623
1 0.717391304347826 0.24316939890710382 0.15942028985507245 0.23497267759562843
1 0.8242753623188406 0.674863387978142 0.16304347826086957 0.2459016393442623
1 0.5706521739130435 0.8661202185792349 0.14855072463768115 0.23497267759562843
1 0.38405797101449274 0.19398907103825136 0.17391304347826086 0.2459016393442623
1 0.16847826086956522 0.587431693989071 0.16304347826086957 0.2786885245901639
1 0.7246376811594203 0.8770491803278688 0.15942028985507245 0.2459016393442623
1 0.5670289855072463 0.2459016393442623 0.15579710144927536 0.25136612021857924
1 0.6521739130434783 0.6994535519125683 0.16666666666666666 0.24043715846994534
1 0.4166666666666667 0.8524590163934426 0.17391304347826086 0.24043715846994534
1 0.8876811594202898 0.8825136612021858 0.17391304347826086 0.23497267759562843
