1 0.31679389312977096 0.6197916666666666 0.3435114503816794 0.3854166666666667
1 0.4637404580152672 0.3333333333333333 0.30916030534351147 0.34375
1 0.6316793893129771 0.7682291666666666 0.3320610687022901 0.2864583333333333
1 0.1316793893129771 0.2109375 0.25572519083969464 0.4114583333333333
1 0.8835877862595419 0.6614583333333334 0.23282442748091603 0.3333333333333333
1 0.7099236641221374 0.4895833333333333 0.2366412213740458 0.3333333333333333
1 0.5305343511450382 0.109375 0.2900763358778626 0.20833333333333334
1 0.8778625954198473 0.19270833333333334 0.2366412213740458 0.375
1 0.12786259541984732 0.7005208333333334 0.2480916030534351 0.3177083333333333
1 0.07061068702290077 0.4817708333333333 0.13358778625954199 0.3177083333333333
1 0.549618320610687 0.5442708333333334 0.26717557251908397 0.328125
