1 0.18067226890756302 0.7405660377358491 0.25210084033613445 0.3113207547169811
1 0.38235294117647056 0.75 0.2184873949579832 0.29245283018867924
1 0.5882352941176471 0.7429245283018868 0.226890756302521 0.2688679245283019
1 0.7983193277310925 0.7358490566037735 0.23529411764705882 0.29245283018867924
1 0.28361344537815125 0.5448113207547169 0.20588235294117646 0.2028301886792453
1 0.47478991596638653 0.535377358490566 0.2184873949579832 0.24056603773584906
1 0.6701680672268907 0.5424528301886793 0.21428571428571427 0.2358490566037736
1 0.35084033613445376 0.3561320754716981 0.22268907563025211 0.2783018867924528
1 0.5609243697478992 0.33962264150943394 0.2647058823529412 0.3018867924528302
1 0.45168067226890757 0.14386792452830188 0.23949579831932774 0.2688679245283019
