1 0.5553505535055351 0.6370967741935484 0.18081180811808117 0.27419354838709675
1 0.22693726937269373 0.8225806451612904 0.18081180811808117 0.23655913978494625
1 0.27490774907749077 0.5188172043010753 0.17343173431734318 0.24193548387096775
1 0.35424354243542433 0.3897849462365591 0.15498154981549817 0.23118279569892472
1 0.3948339483394834 0.5913978494623656 0.15498154981549817 0.23655913978494625
1 0.5387453874538746 0.28763440860215056 0.16974169741697417 0.23118279569892472
1 0.7398523985239852 0.4381720430107527 0.1881918819188192 0.2849462365591398
1 0.8007380073800738 0.696236559139785 0.1992619926199262 0.2956989247311828
1 0.5756457564575646 0.9086021505376344 0.1918819188191882 0.1827956989247312
1 0.7324723247232472 0.22311827956989247 0.15129151291512916 0.20967741935483872
