1 0.6776061776061776 0.44587628865979384 0.5444015444015444 0.7680412371134021
1 0.49034749034749037 0.8737113402061856 0.3088803088803089 0.25257731958762886
1 0.48455598455598453 0.48195876288659795 0.28185328185328185 0.42783505154639173
1 0.8436293436293436 0.7396907216494846 0.28957528957528955 0.4381443298969072
1 0.16023166023166024 0.5567010309278351 0.2972972972972973 0.8865979381443299
1 0.2857142857142857 0.5051546391752577 0.2084942084942085 0.3711340206185567
1 0.9015444015444015 0.211340206185567 0.1969111969111969 0.41237113402061853
1 0.7007722007722008 0.2963917525773196 0.20463320463320464 0.25257731958762886
1 0.2722007722007722 0.06701030927835051 0.2972972972972973 0.12371134020618557
1 0.13513513513513514 0.19845360824742267 0.2625482625482625 0.3865979381443299
