1 0.3811881188118812 0.5813253012048193 0.2145214521452145 0.4036144578313253
1 0.6122112211221122 0.7680722891566265 0.24092409240924093 0.45180722891566266
1 0.43234323432343236 0.25 0.23102310231023102 0.45180722891566266
1 0.16996699669966997 0.463855421686747 0.1353135313531353 0.3132530120481928
1 0.15016501650165018 0.8614457831325302 0.1353135313531353 0.20481927710843373
1 0.9405940594059405 0.3855421686746988 0.1188118811881188 0.20481927710843373
1 0.21782178217821782 0.22590361445783133 0.1254125412541254 0.23493975903614459
1 0.08085808580858085 0.32228915662650603 0.1419141914191419 0.29518072289156627
1 0.3712871287128713 0.8433734939759037 0.16831683168316833 0.3132530120481928
1 0.7706270627062707 0.18373493975903615 0.11551155115511551 0.22289156626506024
1 0.37458745874587457 0.5993975903614458 0.24092409240924093 0.4036144578313253
