1 0.5655737704918032 0.34363636363636363 0.15846994535519127 0.11272727272727273
1 0.3989071038251366 0.7327272727272728 0.17486338797814208 0.12
1 0.5163934426229508 0.8963636363636364 0.16939890710382513 0.12
1 0.12568306010928962 0.4072727272727273 0.15300546448087432 0.10181818181818182
1 0.6639344262295082 0.20545454545454545 0.16939890710382513 0.12727272727272726
1 0.1448087431693989 0.7036363636363636 0.14754098360655737 0.10545454545454545
1 0.7295081967213115 0.5363636363636364 0.14754098360655737 0.09818181818181818
1 0.3442622950819672 0.13090909090909092 0.14207650273224043 0.08727272727272728
1 0.4262295081967213 0.4490909090909091 0.14207650273224043 0.09818181818181818
1 0.2814207650273224 0.5345454545454545 0.14754098360655737 0.10181818181818182
1 0.6202185792349727 0.5818181818181818 0.14754098360655737 0.10181818181818182
1 0.17759562841530055 0.04181818181818182 0.12568306010928962 0.07636363636363637
1 0.25956284153005466 0.8781818181818182 0.14754098360655737 0.09818181818181818
1 0.11202185792349727 0.2690909090909091 0.16939890710382513 0.09454545454545454
