1 0.519298245614035 0.3305084745762712 0.21052631578947367 0.3898305084745763
1 0.3385964912280702 0.8700564971751412 0.22105263157894736 0.2598870056497175
1 0.5403508771929825 0.8502824858757062 0.20350877192982456 0.2994350282485876
1 0.8578947368421053 0.9152542372881356 0.20701754385964913 0.1694915254237288
1 0.25263157894736843 0.5254237288135594 0.18947368421052632 0.2937853107344633
1 0.312280701754386 0.3192090395480226 0.20350877192982456 0.2994350282485876
1 0.6192982456140351 0.5141242937853108 0.2 0.3163841807909605
1 0.6929824561403509 0.7203389830508474 0.17192982456140352 0.2768361581920904
1 0.07719298245614035 0.6666666666666666 0.14736842105263157 0.2937853107344633
1 0.12280701754385964 0.4293785310734463 0.21052631578947367 0.3728813559322034
1 0.20350877192982456 0.18926553672316385 0.23157894736842105 0.288135593220339
1 0.8578947368421053 0.5141242937853108 0.19298245614035087 0.24858757062146894
1 0.9 0.7768361581920904 0.1649122807017544 0.24293785310734464
1 0.8035087719298246 0.1497175141242938 0.1543859649122807 0.2542372881355932
1 0.887719298245614 0.3785310734463277 0.16842105263157894 0.22598870056497175
1 0.6333333333333333 0.3135593220338983 0.15087719298245614 0.3107344632768362
