1 0.27960526315789475 0.42168674698795183 0.2631578947368421 0.46987951807228917
1 0.5279605263157895 0.40963855421686746 0.26644736842105265 0.46987951807228917
1 0.7828947368421053 0.37650602409638556 0.3026315789473684 0.5120481927710844
1 0.18421052631578946 0.7771084337349398 0.2894736842105263 0.43373493975903615
1 0.09703947368421052 0.4427710843373494 0.1875 0.45180722891566266
1 0.1513157894736842 0.1566265060240964 0.2565789473684211 0.30120481927710846
1 0.38980263157894735 0.14156626506024098 0.2598684210526316 0.2710843373493976
1 0.6365131578947368 0.13855421686746988 0.27960526315789475 0.26506024096385544
1 0.4342105263157895 0.7650602409638554 0.25 0.43373493975903615
1 0.6726973684210527 0.7590361445783133 0.26644736842105265 0.4457831325301205
1 0.8881578947368421 0.7590361445783133 0.2236842105263158 0.46987951807228917
