6 0.48194945848375453 0.47802197802197804 0.2490974729241877 0.5274725274725275
1 0.1263537906137184 0.739010989010989 0.19494584837545126 0.2692307692307692
1 0.2815884476534296 0.8736263736263736 0.15162454873646208 0.18681318681318682
1 0.16425992779783394 0.3324175824175824 0.2563176895306859 0.4230769230769231
1 0.3700361010830325 0.22527472527472528 0.2563176895306859 0.3956043956043956
1 0.6137184115523465 0.14835164835164835 0.15162454873646208 0.24175824175824176
1 0.8303249097472925 0.2802197802197802 0.20216606498194944 0.27472527472527475
1 0.6624548736462094 0.5824175824175825 0.09747292418772563 0.14285714285714285
1 0.7815884476534296 0.8461538461538461 0.1552346570397112 0.18681318681318682
1 0.9458483754512635 0.9038461538461539 0.10830324909747292 0.19230769230769232
1 0.9584837545126353 0.4258241758241758 0.08303249097472924 0.24725274725274726
1 0.6010830324909747 0.8736263736263736 0.4007220216606498 0.25274725274725274
