1 0.5033333333333333 0.6517857142857143 0.24666666666666667 0.43452380952380953
1 0.6833333333333333 0.4166666666666667 0.20666666666666667 0.2857142857142857
1 0.735 0.6636904761904762 0.16333333333333333 0.4107142857142857
1 0.34 0.5327380952380952 0.2 0.30357142857142855
1 0.2633333333333333 0.34523809523809523 0.14666666666666667 0.35714285714285715
1 0.4716666666666667 0.34523809523809523 0.18333333333333332 0.3333333333333333
1 0.33166666666666667 0.7619047619047619 0.19666666666666666 0.2976190476190476
1 0.5983333333333334 0.22916666666666666 0.20333333333333334 0.2916666666666667
1 0.7483333333333333 0.23511904761904762 0.13 0.2916666666666667
1 0.3566666666666667 0.20238095238095238 0.15333333333333332 0.23809523809523808
1 0.5216666666666666 0.8482142857142857 0.22333333333333333 0.1488095238095238
