1 0.16108786610878661 0.7914691943127962 0.3138075313807531 0.35071090047393366
1 0.5941422594142259 0.4431279620853081 0.3263598326359833 0.33649289099526064
1 0.3263598326359833 0.471563981042654 0.26778242677824265 0.33649289099526064
1 0.5941422594142259 0.8791469194312796 0.301255230125523 0.24170616113744076
1 0.36401673640167365 0.9478672985781991 0.28451882845188287 0.10426540284360189
1 0.100418410041841 0.5023696682464455 0.19246861924686193 0.2843601895734597
1 0.1799163179916318 0.26066350710900477 0.3514644351464435 0.35071090047393366
1 0.6359832635983264 0.17772511848341233 0.3263598326359833 0.32701421800947866
1 0.8619246861924686 0.3886255924170616 0.27615062761506276 0.3127962085308057
1 0.8807531380753139 0.6540284360189573 0.2384937238493724 0.27488151658767773
1 0.8661087866108786 0.8791469194312796 0.26778242677824265 0.24170616113744076
1 0.6589958158995816 0.7251184834123223 0.28870292887029286 0.26540284360189575
1 0.38702928870292885 0.7559241706161137 0.2803347280334728 0.2890995260663507
1 0.401673640167364 0.11848341232227488 0.2928870292887029 0.22748815165876776
