1 0.2633587786259542 0.3619791666666667 0.1984732824427481 0.296875
1 0.48282442748091603 0.4973958333333333 0.2480916030534351 0.578125
1 0.15648854961832062 0.7682291666666666 0.2900763358778626 0.2864583333333333
1 0.7061068702290076 0.5130208333333334 0.3053435114503817 0.3385416666666667
1 0.4599236641221374 0.16927083333333334 0.29389312977099236 0.328125
1 0.8435114503816794 0.3177083333333333 0.31297709923664124 0.40625
1 0.9064885496183206 0.59375 0.18702290076335878 0.2708333333333333
1 0.9007633587786259 0.78125 0.1984732824427481 0.25
1 0.6583969465648855 0.7630208333333334 0.3549618320610687 0.296875
1 0.12022900763358779 0.5130208333333334 0.23282442748091603 0.3802083333333333
1 0.6641221374045801 0.14322916666666666 0.21374045801526717 0.2760416666666667
