1 0.6174863387978142 0.4709090909090909 0.30601092896174864 0.18545454545454546
1 0.5191256830601093 0.7509090909090909 0.24043715846994534 0.15636363636363637
1 0.8524590163934426 0.8672727272727273 0.24043715846994534 0.16363636363636364
1 0.2185792349726776 0.8763636363636363 0.24043715846994534 0.17454545454545456
1 0.5218579234972678 0.23272727272727273 0.2568306010928962 0.17454545454545456
1 0.7540983606557377 0.32181818181818184 0.273224043715847 0.18545454545454546
1 0.09562841530054644 0.41454545454545455 0.18032786885245902 0.1890909090909091
1 0.26229508196721313 0.5509090909090909 0.24043715846994534 0.1781818181818182
1 0.09289617486338798 0.7418181818181818 0.17486338797814208 0.16
1 0.8278688524590164 0.7218181818181818 0.2786885245901639 0.1709090909090909
1 0.35792349726775957 0.09818181818181818 0.2677595628415301 0.16
1 0.31420765027322406 0.38181818181818183 0.2459016393442623 0.14545454545454545
1 0.8743169398907104 0.20909090909090908 0.25136612021857924 0.2
1 0.8852459016393442 0.42 0.22950819672131148 0.1781818181818182
1 0.3224043715846995 0.24545454545454545 0.28415300546448086 0.16363636363636364
1 0.13387978142076504 0.29818181818181816 0.2568306010928962 0.15272727272727274
1 0.16666666666666666 0.14909090909090908 0.2459016393442623 0.17454545454545456
1 0.06557377049180328 0.07636363636363637 0.12021857923497267 0.14545454545454545
1 0.7103825136612022 0.08 0.273224043715847 0.15272727272727274
1 0.8989071038251366 0.06363636363636363 0.20218579234972678 0.12
1 0.6338797814207651 0.9054545454545454 0.26229508196721313 0.16
1 0.4426229508196721 0.8690909090909091 0.24043715846994534 0.13818181818181818
