1 0.4216666666666667 0.6726190476190477 0.49 0.6547619047619048
1 0.11833333333333333 0.6577380952380952 0.21666666666666667 0.16071428571428573
1 0.27666666666666667 0.5982142857142857 0.17333333333333334 0.24404761904761904
1 0.38333333333333336 0.44642857142857145 0.20666666666666667 0.19047619047619047
1 0.8033333333333333 0.8928571428571429 0.16 0.20238095238095238
1 0.051666666666666666 0.9017857142857143 0.09666666666666666 0.17261904761904762
1 0.525 0.37202380952380953 0.15666666666666668 0.18452380952380953
1 0.625 0.2916666666666667 0.17 0.16666666666666666
1 0.67 0.23511904761904762 0.13333333333333333 0.125
1 0.83 0.27976190476190477 0.32 0.39285714285714285
1 0.875 0.8214285714285714 0.09 0.19047619047619047
1 0.9616666666666667 0.7976190476190477 0.07666666666666666 0.11904761904761904
1 0.5333333333333333 0.7767857142857143 0.41333333333333333 0.44642857142857145
1 0.07833333333333334 0.07142857142857142 0.15 0.13095238095238096
1 0.8566666666666667 0.34523809523809523 0.2866666666666667 0.4642857142857143
