1 0.3781818181818182 0.5956284153005464 0.2690909090909091 0.40437158469945356
1 0.15636363636363637 0.5136612021857924 0.27636363636363637 0.44808743169398907
1 0.38545454545454544 0.37158469945355194 0.2545454545454545 0.28415300546448086
1 0.64 0.4016393442622951 0.24 0.3333333333333333
1 0.8272727272727273 0.2677595628415301 0.2727272727272727 0.39344262295081966
1 0.6854545454545454 0.726775956284153 0.22181818181818183 0.36065573770491804
1 0.20909090909090908 0.24043715846994534 0.2509090909090909 0.33879781420765026
1 0.37272727272727274 0.8797814207650273 0.2581818181818182 0.24043715846994534
1 0.11636363636363636 0.8224043715846995 0.22545454545454546 0.3333333333333333
1 0.5945454545454546 0.8934426229508197 0.22181818181818183 0.21311475409836064
1 0.8636363636363636 0.8579234972677595 0.2290909090909091 0.28415300546448086
