1 0.5154440154440154 0.654639175257732 0.3590733590733591 0.5154639175257731
1 0.2548262548262548 0.5231958762886598 0.30115830115830117 0.37628865979381443
1 0.23552123552123552 0.8298969072164949 0.2857142857142857 0.3402061855670103
1 0.4671814671814672 0.31443298969072164 0.277992277992278 0.3917525773195876
1 0.12355212355212356 0.30927835051546393 0.23938223938223938 0.422680412371134
1 0.29343629343629346 0.15206185567010308 0.277992277992278 0.29381443298969073
1 0.6563706563706564 0.19329896907216496 0.32432432432432434 0.37628865979381443
1 0.8011583011583011 0.41237113402061853 0.3436293436293436 0.4020618556701031
1 0.8861003861003861 0.6778350515463918 0.2277992277992278 0.520618556701031
1 0.9054054054054054 0.1958762886597938 0.1891891891891892 0.3711340206185567
