1 0.346875 0.7770833333333333 0.36875 0.17916666666666667
1 0.403125 0.50625 0.31875 0.17916666666666667
1 0.44375 0.3375 0.3125 0.175
1 0.378125 0.23541666666666666 0.31875 0.1875
1 0.228125 0.14791666666666667 0.29375 0.17916666666666667
1 0.190625 0.41875 0.30625 0.20416666666666666
1 0.615625 0.88125 0.35625 0.17916666666666667
1 0.56875 0.6583333333333333 0.35 0.20833333333333334
1 0.696875 0.5166666666666667 0.34375 0.18333333333333332
1 0.73125 0.375 0.3375 0.18333333333333332
1 0.678125 0.24166666666666667 0.30625 0.175
1 0.5375 0.13125 0.325 0.15416666666666667
1 0.809375 0.7354166666666667 0.33125 0.19583333333333333
1 0.240625 0.6354166666666666 0.36875 0.1875
1 0.8 0.10416666666666667 0.275 0.15833333333333333
1 0.8875 0.8979166666666667 0.225 0.20416666666666666
1 0.153125 0.9 0.29375 0.19166666666666668
