1 0.27606177606177607 0.8762886597938144 0.1891891891891892 0.24742268041237114
1 0.4826254826254826 0.8634020618556701 0.22393822393822393 0.25257731958762886
1 0.5791505791505791 0.6855670103092784 0.14671814671814673 0.2268041237113402
1 0.1525096525096525 0.7757731958762887 0.1891891891891892 0.27319587628865977
1 0.33204633204633205 0.6778350515463918 0.19305019305019305 0.18041237113402062
1 0.7837837837837838 0.6932989690721649 0.21621621621621623 0.23195876288659795
1 0.23552123552123552 0.11855670103092783 0.18532818532818532 0.2268041237113402
1 0.5405405405405406 0.25257731958762886 0.16988416988416988 0.15463917525773196
1 0.6737451737451737 0.16494845360824742 0.13513513513513514 0.14432989690721648
1 0.5637065637065637 0.4690721649484536 0.16216216216216217 0.21649484536082475
1 0.18725868725868725 0.5309278350515464 0.14285714285714285 0.20618556701030927
1 0.0694980694980695 0.5824742268041238 0.13127413127413126 0.25773195876288657
1 0.1718146718146718 0.3170103092783505 0.2277992277992278 0.211340206185567
1 0.34942084942084944 0.4690721649484536 0.24324324324324326 0.24742268041237114
1 0.8687258687258688 0.48195876288659795 0.16216216216216217 0.211340206185567
1 0.7857142857142857 0.08247422680412371 0.13513513513513514 0.15463917525773196
1 0.7200772200772201 0.4845360824742268 0.15057915057915058 0.18556701030927836
1 0.6776061776061776 0.3324742268041237 0.18146718146718147 0.18041237113402062
1 0.8861003861003861 0.8530927835051546 0.18146718146718147 0.28350515463917525
1 0.6795366795366795 0.8634020618556701 0.19305019305019305 0.26288659793814434
