1 0.21509433962264152 0.4421052631578947 0.32452830188679244 0.4421052631578947
1 0.5018867924528302 0.4710526315789474 0.3018867924528302 0.4263157894736842
1 0.7622641509433963 0.4921052631578947 0.2792452830188679 0.41578947368421054
1 0.6509433962264151 0.1868421052631579 0.30566037735849055 0.3631578947368421
1 0.3660377358490566 0.17894736842105263 0.28679245283018867 0.3473684210526316
1 0.35283018867924526 0.7578947368421053 0.29056603773584905 0.3473684210526316
1 0.11509433962264151 0.7552631578947369 0.22264150943396227 0.32105263157894737
1 0.6150943396226415 0.7552631578947369 0.2641509433962264 0.3526315789473684
1 0.8660377358490566 0.7710526315789473 0.2679245283018868 0.32105263157894737
1 0.10566037735849057 0.16842105263157894 0.2037735849056604 0.3263157894736842
