1 0.2516025641025641 0.7142857142857143 0.34294871794871795 0.5714285714285714
1 0.28205128205128205 0.27639751552795033 0.2948717948717949 0.5403726708074534
1 0.4775641025641026 0.4440993788819876 0.21153846153846154 0.577639751552795
1 0.10737179487179487 0.717391304347826 0.20833333333333334 0.5652173913043478
1 0.3958333333333333 0.8260869565217391 0.20192307692307693 0.34782608695652173
1 0.6955128205128205 0.37888198757763975 0.14743589743589744 0.2981366459627329
1 0.8942307692307693 0.6645962732919255 0.19230769230769232 0.3105590062111801
1 0.6201923076923077 0.7329192546583851 0.22756410256410256 0.5341614906832298
1 0.7419871794871795 0.7267080745341615 0.2532051282051282 0.546583850931677
1 0.7644230769230769 0.2608695652173913 0.13141025641025642 0.2236024844720497
1 0.7932692307692307 0.09316770186335403 0.13782051282051283 0.17391304347826086
1 0.8782051282051282 0.21739130434782608 0.12179487179487179 0.2360248447204969
1 0.8381410256410257 0.41304347826086957 0.16346153846153846 0.22981366459627328
1 0.9599358974358975 0.5248447204968945 0.08012820512820513 0.2422360248447205
1 0.9551282051282052 0.18012422360248448 0.08974358974358974 0.19875776397515527
1 0.5496794871794872 0.18322981366459629 0.375 0.35403726708074534
