1 0.15412186379928317 0.7583333333333333 0.2724014336917563 0.3055555555555556
1 0.43010752688172044 0.7805555555555556 0.32974910394265233 0.38333333333333336
1 0.7365591397849462 0.8305555555555556 0.2974910394265233 0.31666666666666665
1 0.6451612903225806 0.6388888888888888 0.25806451612903225 0.23333333333333334
1 0.8978494623655914 0.75 0.20430107526881722 0.35555555555555557
1 0.23476702508960573 0.8611111111111112 0.32616487455197135 0.2777777777777778
1 0.07885304659498207 0.46944444444444444 0.15053763440860216 0.25
1 0.2025089605734767 0.4722222222222222 0.13261648745519714 0.2
1 0.3172043010752688 0.48055555555555557 0.13261648745519714 0.22777777777777777
1 0.45698924731182794 0.425 0.1971326164874552 0.2611111111111111
1 0.7401433691756273 0.4388888888888889 0.18996415770609318 0.23333333333333334
