2 0.3090909090909091 0.23497267759562843 0.20363636363636364 0.13114754098360656
2 0.48545454545454547 0.1885245901639344 0.2 0.10382513661202186
2 0.3236363636363636 0.29508196721311475 0.23272727272727273 0.13114754098360656
2 0.5272727272727272 0.273224043715847 0.23272727272727273 0.13114754098360656
2 0.34545454545454546 0.40710382513661203 0.2690909090909091 0.16939890710382513
2 0.5763636363636364 0.3797814207650273 0.2727272727272727 0.14754098360655737
2 0.38545454545454544 0.5601092896174863 0.32 0.22404371584699453
2 0.6418181818181818 0.505464480874317 0.31636363636363635 0.20218579234972678
2 0.43272727272727274 0.8060109289617486 0.4 0.3879781420765027
2 0.7436363636363637 0.7704918032786885 0.39636363636363636 0.45901639344262296
2 0.7636363636363637 0.19672131147540983 0.29818181818181816 0.25136612021857924
