2 0.5009765625 0.7630208333333334 0.998046875 0.4739583333333333
2 0.5 0.3033854166666667 0.99609375 0.5963541666666666
1 0.11328125 0.19791666666666666 0.22265625 0.3489583333333333
1 0.4677734375 0.28125 0.138671875 0.13020833333333334
1 0.3447265625 0.21614583333333334 0.181640625 0.16666666666666666
1 0.3427734375 0.08854166666666667 0.130859375 0.11458333333333333
1 0.4951171875 0.12890625 0.201171875 0.1796875
1 0.728515625 0.22005208333333334 0.1796875 0.3359375
1 0.796875 0.25 0.265625 0.234375
1 0.9140625 0.16796875 0.171875 0.18489583333333334
