3 0.6102564102564103 0.8662790697674418 0.2153846153846154 0.16666666666666666
3 0.21794871794871795 0.5717054263565892 0.38461538461538464 0.16666666666666666
3 0.3717948717948718 0.5077519379844961 0.14871794871794872 0.1937984496124031
3 0.16666666666666666 0.7306201550387597 0.3230769230769231 0.18992248062015504
3 0.44358974358974357 0.14147286821705427 0.4256410256410256 0.19767441860465115
3 0.6615384615384615 0.23062015503875968 0.41025641025641024 0.2441860465116279
3 0.10512820512820513 0.1821705426356589 0.2 0.17829457364341086
3 0.8307692307692308 0.6937984496124031 0.3384615384615385 0.20155038759689922
3 0.7333333333333333 0.4748062015503876 0.5333333333333333 0.29844961240310075
3 0.1794871794871795 0.38953488372093026 0.3487179487179487 0.12790697674418605
