4 0.5634057971014492 0.6366120218579235 0.33695652173913043 0.2568306010928962
4 0.13043478260869565 0.7595628415300546 0.1956521739130435 0.17486338797814208
4 0.35144927536231885 0.8142076502732241 0.30434782608695654 0.24043715846994534
4 0.5978260869565217 0.8497267759562842 0.14492753623188406 0.15846994535519127
4 0.8442028985507246 0.6912568306010929 0.3115942028985507 0.3114754098360656
4 0.14855072463768115 0.4562841530054645 0.12318840579710146 0.3989071038251366
4 0.25 0.5109289617486339 0.13768115942028986 0.3224043715846995
4 0.25181159420289856 0.2568306010928962 0.11231884057971014 0.17486338797814208
4 0.3351449275362319 0.40710382513661203 0.09057971014492754 0.4426229508196721
4 0.4076086956521739 0.412568306010929 0.09057971014492754 0.4207650273224044
4 0.4528985507246377 0.3005464480874317 0.08695652173913043 0.5027322404371585
4 0.5235507246376812 0.39617486338797814 0.11231884057971014 0.3005464480874317
4 0.5960144927536232 0.3360655737704918 0.12681159420289856 0.3879781420765027
4 0.6829710144927537 0.4180327868852459 0.09782608695652174 0.22404371584699453
4 0.7644927536231884 0.4262295081967213 0.10869565217391304 0.36065573770491804
4 0.8460144927536232 0.48633879781420764 0.09782608695652174 0.26229508196721313
