4 0.15483870967741936 0.48773006134969327 0.17419354838709677 0.4233128834355828
4 0.29193548387096774 0.4754601226993865 0.13225806451612904 0.43558282208588955
4 0.4258064516129032 0.50920245398773 0.14193548387096774 0.4049079754601227
4 0.5596774193548387 0.4815950920245399 0.15161290322580645 0.43558282208588955
4 0.6951612903225807 0.5030674846625767 0.15161290322580645 0.4171779141104294
4 0.8290322580645161 0.4662576687116564 0.16774193548387098 0.4539877300613497
4 0.23870967741935484 0.16257668711656442 0.12903225806451613 0.3128834355828221
4 0.3725806451612903 0.16257668711656442 0.13870967741935483 0.3128834355828221
4 0.4967741935483871 0.15030674846625766 0.14838709677419354 0.2883435582822086
4 0.6338709677419355 0.15644171779141106 0.15806451612903225 0.3006134969325153
4 0.7693548387096775 0.16257668711656442 0.14516129032258066 0.3128834355828221
4 0.10967741935483871 0.8220858895705522 0.15483870967741936 0.3558282208588957
4 0.23387096774193547 0.8006134969325154 0.14516129032258066 0.3987730061349693
4 0.36129032258064514 0.8098159509202454 0.16129032258064516 0.3803680981595092
4 0.5016129032258064 0.8220858895705522 0.13870967741935483 0.3558282208588957
4 0.6370967741935484 0.8220858895705522 0.13870967741935483 0.3558282208588957
4 0.7693548387096775 0.8220858895705522 0.13870967741935483 0.3558282208588957
4 0.8983870967741936 0.8220858895705522 0.13870967741935483 0.3558282208588957
