4 0.5019685039370079 0.3844221105527638 0.24015748031496062 0.18592964824120603
4 0.38976377952755903 0.507537688442211 0.23622047244094488 0.18090452261306533
4 0.6023622047244095 0.5100502512562815 0.2125984251968504 0.20603015075376885
4 0.297244094488189 0.6557788944723618 0.22440944881889763 0.19597989949748743
4 0.5078740157480315 0.6532663316582915 0.2283464566929134 0.20100502512562815
4 0.7106299212598425 0.6331658291457286 0.20866141732283464 0.20100502512562815
4 0.1968503937007874 0.7688442211055276 0.2125984251968504 0.21105527638190955
4 0.4074803149606299 0.7939698492462312 0.23228346456692914 0.16080402010050251
4 0.59251968503937 0.7839195979899497 0.20866141732283464 0.1708542713567839
4 0.8110236220472441 0.7613065326633166 0.2047244094488189 0.23618090452261306
4 0.1141732283464567 0.8919597989949749 0.2204724409448819 0.21608040201005024
4 0.2933070866141732 0.9095477386934674 0.21653543307086615 0.18090452261306533
4 0.5 0.9170854271356784 0.2047244094488189 0.1658291457286432
4 0.6889763779527559 0.9170854271356784 0.2283464566929134 0.1658291457286432
4 0.8779527559055118 0.8743718592964824 0.23622047244094488 0.25125628140703515
