4 0.17517006802721088 0.8830409356725146 0.3435374149659864 0.23391812865497075
4 0.18027210884353742 0.8830409356725146 0.3469387755102041 0.23391812865497075
4 0.8248299319727891 0.0935672514619883 0.3435374149659864 0.17543859649122806
4 0.5204081632653061 0.8713450292397661 0.3469387755102041 0.23391812865497075
4 0.8367346938775511 0.8830409356725146 0.32653061224489793 0.23391812865497075
4 0.17687074829931973 0.13157894736842105 0.3469387755102041 0.25146198830409355
4 0.4965986394557823 0.27485380116959063 0.3469387755102041 0.2573099415204678
4 0.18027210884353742 0.2631578947368421 0.3469387755102041 0.2573099415204678
4 0.4965986394557823 0.4678362573099415 0.3469387755102041 0.2573099415204678
4 0.17346938775510204 0.3888888888888889 0.3401360544217687 0.3684210526315789
4 0.5 0.6549707602339181 0.3469387755102041 0.2573099415204678
4 0.17517006802721088 0.6608187134502924 0.3435374149659864 0.2573099415204678
4 0.49829931972789115 0.11988304093567251 0.3435374149659864 0.22807017543859648
4 0.8299319727891157 0.2631578947368421 0.32653061224489793 0.23391812865497075
4 0.8163265306122449 0.45614035087719296 0.3673469387755102 0.2573099415204678
4 0.826530612244898 0.6491228070175439 0.3469387755102041 0.30409356725146197
