4 0.254071661237785 0.6920731707317073 0.16286644951140064 0.4451219512195122
4 0.41205211726384366 0.8109756097560976 0.19218241042345277 0.2926829268292683
4 0.5472312703583062 0.801829268292683 0.11074918566775244 0.23780487804878048
4 0.15960912052117263 0.6097560975609756 0.1758957654723127 0.5487804878048781
1 0.3338762214983713 0.3475609756097561 0.1270358306188925 0.3048780487804878
4 0.4234527687296417 0.24390243902439024 0.11726384364820847 0.4024390243902439
4 0.5570032573289903 0.3932926829268293 0.1758957654723127 0.38414634146341464
4 0.504885993485342 0.6432926829268293 0.13680781758957655 0.1524390243902439
4 0.8355048859934854 0.7134146341463414 0.12052117263843648 0.4024390243902439
4 0.742671009771987 0.7865853658536586 0.0781758957654723 0.2804878048780488
4 0.6547231270358306 0.8841463414634146 0.1237785016286645 0.17073170731707318
4 0.6384364820846905 0.649390243902439 0.16286644951140064 0.3353658536585366
4 0.742671009771987 0.45426829268292684 0.24104234527687296 0.39634146341463417
