4 0.15555555555555556 0.5053475935828877 0.3037037037037037 0.5401069518716578
4 0.06666666666666667 0.8368983957219251 0.1259259259259259 0.32620320855614976
4 0.3055555555555556 0.1497326203208556 0.3962962962962963 0.2887700534759358
4 0.06296296296296296 0.12032085561497326 0.11851851851851852 0.22994652406417113
4 0.5074074074074074 0.4679144385026738 0.37777777777777777 0.5614973262032086
4 0.31666666666666665 0.8529411764705882 0.3814814814814815 0.29411764705882354
4 0.674074074074074 0.8475935828877005 0.3851851851851852 0.3048128342245989
4 0.687037037037037 0.14705882352941177 0.42592592592592593 0.28342245989304815
4 0.8481481481481481 0.5026737967914439 0.3037037037037037 0.4919786096256685
4 0.9407407407407408 0.8529411764705882 0.11851851851851852 0.29411764705882354
4 0.9314814814814815 0.14171122994652408 0.13703703703703704 0.2727272727272727
