5 0.13194444444444445 0.3057142857142857 0.2569444444444444 0.6
5 0.3454861111111111 0.3314285714285714 0.1701388888888889 0.38857142857142857
5 0.4895833333333333 0.4742857142857143 0.1736111111111111 0.38857142857142857
5 0.2170138888888889 0.8228571428571428 0.1701388888888889 0.34285714285714286
5 0.078125 0.82 0.14930555555555555 0.33714285714285713
5 0.3802083333333333 0.8285714285714286 0.15625 0.34285714285714286
5 0.5381944444444444 0.8257142857142857 0.18055555555555555 0.3485714285714286
5 0.6927083333333334 0.8314285714285714 0.15625 0.33714285714285713
5 0.8333333333333334 0.8257142857142857 0.14583333333333334 0.3485714285714286
5 0.90625 0.5485714285714286 0.1875 0.38857142857142857
5 0.46875 0.16 0.16666666666666666 0.30857142857142855
5 0.6944444444444444 0.21714285714285714 0.20833333333333334 0.4228571428571429
5 0.890625 0.19142857142857142 0.15625 0.3028571428571429
