5 0.27595628415300544 0.7345454545454545 0.15846994535519127 0.14545454545454545
5 0.3087431693989071 0.32545454545454544 0.2786885245901639 0.08363636363636363
5 0.15300546448087432 0.5818181818181818 0.273224043715847 0.18181818181818182
5 0.4371584699453552 0.8909090909090909 0.6557377049180327 0.21818181818181817
5 0.9262295081967213 0.36 0.14754098360655737 0.29818181818181816
5 0.9153005464480874 0.3527272727272727 0.14754098360655737 0.29818181818181816
5 0.6584699453551912 0.35818181818181816 0.1912568306010929 0.09090909090909091
5 0.43169398907103823 0.5654545454545454 0.22950819672131148 0.16363636363636364
5 0.15300546448087432 0.5909090909090909 0.25136612021857924 0.15636363636363637
5 0.6311475409836066 0.21818181818181817 0.14754098360655737 0.10181818181818182
5 0.7568306010928961 0.23454545454545456 0.20218579234972678 0.1709090909090909
