5 0.08260869565217391 0.75 0.15942028985507245 0.5
5 0.24347826086956523 0.75 0.16231884057971013 0.5
5 0.40869565217391307 0.75 0.17391304347826086 0.5
5 0.5884057971014492 0.75 0.17391304347826086 0.5
5 0.7579710144927536 0.75 0.16521739130434782 0.5
5 0.9173913043478261 0.75 0.16521739130434782 0.5
5 0.9130434782608695 0.2671232876712329 0.17391304347826086 0.5205479452054794
5 0.7579710144927536 0.2602739726027397 0.16521739130434782 0.5068493150684932
5 0.5942028985507246 0.2636986301369863 0.17391304347826086 0.5136986301369864
5 0.4144927536231884 0.2636986301369863 0.17391304347826086 0.5136986301369864
5 0.2463768115942029 0.2636986301369863 0.17391304347826086 0.5136986301369864
5 0.08550724637681159 0.2602739726027397 0.16521739130434782 0.5068493150684932
