6 0.4909090909090909 0.5737704918032787 0.38545454545454544 0.31693989071038253
6 0.2672727272727273 0.4371584699453552 0.15636363636363637 0.25136612021857924
6 0.0890909090909091 0.38524590163934425 0.1709090909090909 0.3224043715846995
6 0.0890909090909091 0.7486338797814208 0.1709090909090909 0.40437158469945356
6 0.34 0.8387978142076503 0.14181818181818182 0.2568306010928962
6 0.5490909090909091 0.27595628415300544 0.32 0.2459016393442623
6 0.3290909090909091 0.21311475409836064 0.4690909090909091 0.41530054644808745
6 0.7236363636363636 0.16666666666666666 0.43636363636363634 0.3224043715846995
6 0.7818181818181819 0.587431693989071 0.22545454545454546 0.18032786885245902
6 0.5836363636363636 0.8114754098360656 0.2 0.2459016393442623
6 0.4909090909090909 0.8224043715846995 0.17454545454545456 0.2896174863387978
6 0.6709090909090909 0.7185792349726776 0.3090909090909091 0.20218579234972678
6 0.8272727272727273 0.8661202185792349 0.2 0.2677595628415301
6 0.9218181818181819 0.9371584699453552 0.12727272727272726 0.12568306010928962
6 0.6963636363636364 0.45901639344262296 0.12727272727272726 0.16393442622950818
6 0.6418181818181818 0.587431693989071 0.14909090909090908 0.1912568306010929
