6 0.06888888888888889 0.7822222222222223 0.10222222222222223 0.3377777777777778
6 0.19333333333333333 0.7688888888888888 0.12 0.38222222222222224
6 0.3244444444444444 0.7577777777777778 0.12444444444444444 0.39555555555555555
6 0.46 0.7488888888888889 0.13777777777777778 0.4222222222222222
6 0.6088888888888889 0.7333333333333333 0.16 0.4533333333333333
6 0.7533333333333333 0.7 0.16444444444444445 0.5022222222222222
6 0.9 0.68 0.19111111111111112 0.5333333333333333
6 0.09777777777777778 0.5155555555555555 0.1511111111111111 0.56
6 0.25333333333333335 0.5088888888888888 0.18666666666666668 0.5644444444444444
6 0.4222222222222222 0.4822222222222222 0.20444444444444446 0.6266666666666667
6 0.6288888888888889 0.42 0.23555555555555555 0.7511111111111111
6 0.8622222222222222 0.3977777777777778 0.2577777777777778 0.7777777777777778
