6 0.11636363636363636 0.6229508196721312 0.13818181818181818 0.6229508196721312
6 0.3490909090909091 0.7103825136612022 0.14545454545454545 0.5792349726775956
6 0.4309090909090909 0.6147540983606558 0.14909090909090908 0.639344262295082
6 0.6181818181818182 0.5901639344262295 0.16 0.73224043715847
6 0.2927272727272727 0.6284153005464481 0.15636363636363637 0.6666666666666666
6 0.8854545454545455 0.6366120218579235 0.15636363636363637 0.5846994535519126
6 0.8054545454545454 0.5491803278688525 0.14909090909090908 0.7595628415300546
6 0.5327272727272727 0.36065573770491804 0.14181818181818182 0.33879781420765026
6 0.5036363636363637 0.6147540983606558 0.13454545454545455 0.5737704918032787
6 0.19818181818181818 0.5956284153005464 0.13454545454545455 0.5901639344262295
6 0.730909090909091 0.6147540983606558 0.13090909090909092 0.639344262295082
