6 0.11607142857142858 0.6861111111111111 0.21785714285714286 0.6277777777777778
6 0.3357142857142857 0.675 0.2357142857142857 0.65
6 0.5464285714285714 0.6611111111111111 0.2357142857142857 0.6777777777777778
6 0.7535714285714286 0.6527777777777778 0.24285714285714285 0.6944444444444444
6 0.9017857142857143 0.6305555555555555 0.19642857142857142 0.7388888888888889
6 0.21964285714285714 0.3972222222222222 0.16071428571428573 0.3055555555555556
6 0.43214285714285716 0.40555555555555556 0.16428571428571428 0.3111111111111111
6 0.6303571428571428 0.38333333333333336 0.15357142857142858 0.3333333333333333
6 0.8089285714285714 0.33055555555555555 0.18928571428571428 0.3055555555555556
6 0.125 0.2833333333333333 0.15714285714285714 0.26666666666666666
6 0.3125 0.25277777777777777 0.16785714285714284 0.2611111111111111
6 0.5089285714285714 0.24444444444444444 0.18214285714285713 0.26666666666666666
6 0.6857142857142857 0.20833333333333334 0.17857142857142858 0.25
6 0.8517857142857143 0.20833333333333334 0.16071428571428573 0.2833333333333333
6 0.05714285714285714 0.18055555555555555 0.10714285714285714 0.25
6 0.22142857142857142 0.1527777777777778 0.17857142857142858 0.2388888888888889
6 0.4017857142857143 0.1361111111111111 0.175 0.22777777777777777
6 0.5696428571428571 0.10833333333333334 0.16071428571428573 0.18333333333333332
6 0.7410714285714286 0.10833333333333334 0.16785714285714284 0.20555555555555555
