7 0.1761006289308176 0.7735849056603774 0.22012578616352202 0.4528301886792453
7 0.34276729559748426 0.710691823899371 0.1949685534591195 0.44025157232704404
7 0.4858490566037736 0.7075471698113207 0.1289308176100629 0.3584905660377358
7 0.6163522012578616 0.7389937106918238 0.1761006289308176 0.4591194968553459
7 0.7672955974842768 0.7075471698113207 0.1761006289308176 0.42138364779874216
7 0.8789308176100629 0.8081761006289309 0.1918238993710692 0.3836477987421384
7 0.07389937106918239 0.6257861635220126 0.14150943396226415 0.4088050314465409
7 0.19811320754716982 0.5408805031446541 0.1949685534591195 0.5408805031446541
7 0.30974842767295596 0.44025157232704404 0.1540880503144654 0.4528301886792453
7 0.41509433962264153 0.4591194968553459 0.15723270440251572 0.5157232704402516
7 0.539308176100629 0.4591194968553459 0.16666666666666666 0.5408805031446541
7 0.6525157232704403 0.48427672955974843 0.1792452830188679 0.5534591194968553
7 0.2279874213836478 0.24213836477987422 0.16037735849056603 0.2830188679245283
7 0.36163522012578614 0.2138364779874214 0.14465408805031446 0.389937106918239
7 0.4716981132075472 0.18553459119496854 0.12578616352201258 0.3584905660377358
7 0.5849056603773585 0.23270440251572327 0.11949685534591195 0.33962264150943394
7 0.7169811320754716 0.31761006289308175 0.16981132075471697 0.5345911949685535
7 0.8915094339622641 0.6352201257861635 0.2169811320754717 0.5534591194968553
